-0.163570
-0.034180
-0.113530
-0.100100
-0.119630
-0.028076
-0.039063
-0.280760
-0.390630
-0.429690
-0.284420
-0.185550
-0.258790
-0.216060
-0.129390
-0.139160
-0.087891
0.367430
0.688480
0.839840
0.676270
0.627440
0.555420
0.456540
0.791020
0.762940
0.504150
0.389400
0.500490
0.466310
0.527340
0.577390
0.589600
0.517580
0.541990
0.600590
0.299070
0.051270
-0.001221
0.187990
0.308840
0.024414
-0.039063
0.069580
0.113530
-0.018311
-0.148930
-0.213620
-0.235600
-0.411380
-0.509030
-0.638430
-0.629880
-0.689700
-0.753170
-0.789790
-0.806880
-0.911870
-0.996090
-0.996090
-1.054700
-1.096200
-1.099900
-1.120600
-1.120600
-1.097400
-1.184100
-1.210900
-1.209700
-1.209700
-1.208500
-1.223100
-1.217000
-1.131600
-1.110800
-1.132800
-1.140100
-1.143800
-1.068100
-0.986330
-0.891110
-0.858150
-0.853270
-0.871580
-0.745850
-0.706790
-0.671390
-0.640870
-0.626220
-0.512700
-0.476070
-0.479740
-0.454100
-0.433350
-0.313720
-0.256350
-0.252690
-0.233150
-0.119630
-0.093994
0.026855
0.152590
0.345460
0.753170
1.178000
1.727300
2.179000
2.446300
2.811300
2.945600
2.901600
2.840600
2.680700
2.476800
2.386500
2.131300
1.961700
1.789600
1.396500
1.243900
0.935060
0.677490
0.472410
0.344240
0.355220
0.682370
0.959470
1.057100
1.309800
1.618700
1.683300
1.801800
1.717500
1.543000
1.379400
1.286600
1.031500
0.908200
0.775150
0.559080
0.617680
0.540770
0.565190
0.567630
0.589600
0.588380
0.512700
0.170900
-0.059814
-0.273440
-0.478520
-0.754390
-0.950930
-1.106000
-1.226800
-1.324500
-1.345200
-1.460000
-1.611300
-1.634500
-1.639400
-1.630900
-1.666300
-1.687000
-1.654100
-1.658900
-1.689500
-1.673600
-1.700400
-1.666300
-1.556400
-1.485600
-1.380600
-1.273200
-1.241500
-1.179200
-1.186500
-1.162100
-1.080300
-0.921630
-0.828860
-0.815430
-0.791020
-0.693360
-0.585940
-0.457760
-0.305180
-0.168460
-0.123290
-0.041504
0.081787
0.153810
0.300290
0.423580
0.522460
0.617680
0.703130
0.891110
0.943600
1.076700
1.210900
1.301300
1.530800
1.849400
1.986100
2.211900
2.331500
2.358400
2.336400
2.019000
1.865200
1.779800
1.624800
1.607700
1.669900
1.586900
1.331800
1.309800
1.084000
1.054700
0.817870
0.681150
0.405270
0.223390
-0.026855
-0.185550
-0.168460
-0.294190
-0.438230
-0.576170
-0.841060
-0.899660
-0.961910
-0.976560
-1.029100
-1.077900
-1.098600
-1.121800
-1.207300
-1.213400
-1.163300
-1.156000
-1.141400
-1.196300
-1.245100
-1.344000
-1.400100
-1.363500
-1.287800
-1.355000
-1.350100
-1.298800
-1.278100
-1.259800
-1.186500
-1.158400
-1.076700
-1.073000
-1.026600
-0.938720
-0.845950
-0.853270
-0.805660
-0.773930
-0.671390
-0.603030
-0.550540
-0.526120
-0.567630
-0.529790
-0.408940
-0.296630
-0.271000
-0.213620
-0.137940
-0.083008
-0.006104
0.046387
0.109860
0.194090
0.318600
0.455320
0.548100
0.706790
0.833740
1.020500
1.283000
1.462400
1.750500
2.174100
2.458500
2.476800
2.387700
2.020300
1.705300
1.585700
1.523400
1.597900
1.696800
1.755400
1.860400
1.843300
1.270800
1.207300
1.191400
0.908200
0.772710
0.480960
0.166020
0.175780
0.151370
0.134280
0.059814
-0.173340
-0.345460
-0.316160
-0.205080
-0.230710
-0.233150
-0.169680
-0.125730
-0.212400
-0.366210
-0.488280
-0.639650
-0.692140
-0.660400
-0.620120
-0.634770
-0.753170
-0.834960
-0.982670
-1.079100
-1.123000
-1.096200
-1.088900
-1.134000
-1.225600
-1.226800
-1.273200
-1.402600
-1.347700
-1.340300
-1.256100
-1.170700
-1.226800
-1.285400
-1.258500
-1.254900
-1.283000
-1.235400
-1.119400
-1.123000
-1.120600
-1.095000
-1.059600
-1.057100
-0.985110
-1.003400
-0.924070
-0.867920
-0.871580
-0.765380
-0.640870
-0.555420
-0.478520
-0.421140
-0.311280
-0.246580
-0.214840
-0.157470
-0.114750
-0.012207
0.136720
0.203860
0.333250
0.482180
0.579830
0.723880
0.838620
0.965580
1.221900
1.464800
1.555200
1.572300
1.735800
1.795700
1.999500
1.877400
1.951900
1.908000
1.921400
1.821300
1.522200
1.550300
1.645500
1.663800
1.416000
1.049800
0.870360
0.947270
0.955810
0.802000
0.739750
0.573730
0.198970
-0.059814
-0.025635
0.091553
0.117190
-0.146480
-0.239260
-0.267330
-0.231930
-0.306400
-0.461430
-0.604250
-0.629880
-0.714110
-0.684810
-0.740970
-0.891110
-1.003400
-0.981450
-0.921630
-0.972900
-1.063200
-1.097400
-0.959470
-0.776370
-0.598140
-0.592040
-0.604250
-0.512700
-0.495610
-0.384520
-0.262450
-0.319820
-0.266110
-0.203860
-0.098877
-0.042725
-0.026855
-0.083008
0.032959
-0.008545
0.056152
0.174560
0.241700
0.224610
0.236820
0.350340
0.185550
0.102540
0.093994
0.097656
0.046387
-0.059814
-0.081787
-0.120850
-0.183110
-0.120850
-0.272220
-0.192870
-0.140380
-0.153810
-0.285640
-0.491940
-0.651860
-0.562740
-0.413820
-0.284420
-0.366210
-0.402830
-0.402830
-0.407710
-0.362550
-0.461430
-0.504150
-0.539550
-0.646970
-0.673830
-0.788570
-0.694580
-0.594480
-0.603030
-0.583500
-0.543210
-0.522460
-0.511470
-0.476070
-0.448000
-0.352780
-0.251460
-0.196530
-0.190430
-0.080566
0.025635
0.020752
0.036621
