-0.137940
-0.225830
-0.318600
-0.377200
-0.297850
-0.377200
-0.368650
-0.290530
-0.131840
-0.031738
-0.035400
-0.153810
-0.074463
0.057373
0.173340
0.141600
0.209960
0.437010
0.850830
1.071800
0.948490
0.655520
0.410160
0.318600
0.568850
0.374760
0.245360
0.146480
0.092773
0.300290
0.339360
0.454100
0.544430
0.460210
0.594480
0.327150
0.039063
0.098877
-0.070801
0.035400
0.128170
0.128170
0.213620
0.150150
0.091553
0.019531
-0.155030
-0.379640
-0.498050
-0.671390
-0.716550
-0.795900
-0.861820
-0.898440
-0.985110
-1.058300
-1.200000
-1.251200
-1.270800
-1.290300
-1.252400
-1.273200
-1.237800
-1.209700
-1.274400
-1.372100
-1.411100
-1.492900
-1.518600
-1.539300
-1.518600
-1.449000
-1.398900
-1.306200
-1.320800
-1.323200
-1.273200
-1.185300
-1.142600
-1.098600
-1.073000
-1.069300
-1.013200
-1.015600
-1.032700
-0.928960
-0.819090
-0.671390
-0.554200
-0.467530
-0.351560
-0.291750
-0.277100
-0.260010
-0.178220
-0.120850
0.006104
0.081787
0.109860
0.225830
0.322270
0.478520
0.782470
1.214600
1.795700
2.249800
2.575700
2.791700
2.860100
2.939500
2.906500
2.750200
2.683100
2.710000
2.341300
2.292500
2.142300
1.818800
1.682100
1.379400
1.051000
0.734860
0.499270
0.065918
0.249020
0.671390
0.686040
0.869140
1.319600
1.727300
1.899400
2.071500
2.099600
1.991000
1.762700
1.480700
1.226800
0.927730
0.657960
0.393070
0.133060
0.032959
0.013428
0.006104
-0.045166
-0.227050
-0.383300
-0.513920
-0.627440
-0.778810
-0.949710
-1.051000
-1.225600
-1.341600
-1.372100
-1.395300
-1.474600
-1.478300
-1.457500
-1.460000
-1.409900
-1.522200
-1.485600
-1.368400
-1.335400
-1.313500
-1.291500
-1.275600
-1.243900
-1.225600
-1.162100
-1.129200
-1.086400
-1.024200
-0.927730
-0.823970
-0.653080
-0.576170
-0.551760
-0.521240
-0.434570
-0.250240
-0.148930
-0.129390
-0.013428
0.129390
0.194090
0.214840
0.218510
0.262450
0.285640
0.358890
0.394290
0.423580
0.473630
0.501710
0.516360
0.496830
0.495610
0.549320
0.537110
0.695800
0.812990
0.821530
0.881350
1.043700
1.285400
1.397700
1.456300
1.602800
1.717500
1.799300
1.977500
2.210700
2.157000
1.903100
1.925000
1.980000
1.810300
1.795700
1.668700
1.351300
1.154800
0.982670
0.805660
0.762940
0.653080
0.521240
0.329590
0.061035
-0.201420
-0.283200
-0.366210
-0.499270
-0.717770
-0.737300
-0.897220
-1.002200
-1.020500
-1.086400
-0.998540
-0.936280
-0.947270
-1.012000
-1.026600
-1.098600
-1.119400
-1.084000
-1.123000
-1.239000
-1.300000
-1.369600
-1.345200
-1.231700
-1.208500
-1.093800
-1.010700
-0.958250
-0.921630
-0.916750
-0.888670
-0.816650
-0.793460
-0.711670
-0.722660
-0.690920
-0.670170
-0.570070
-0.416260
-0.333250
-0.166020
0.010986
0.010986
0.064697
0.274660
0.332030
0.284420
0.275880
0.333250
0.300290
0.440670
0.611570
0.770260
0.607910
0.722660
0.766600
0.587160
0.441890
0.567630
0.588380
0.659180
0.771480
0.517580
0.400390
0.233150
0.164790
0.042725
-0.189210
-0.195310
-0.159910
-0.146480
-0.158690
-0.216060
-0.290530
-0.242920
-0.357670
-0.474850
-0.522460
-0.574950
-0.665280
-0.717770
-0.666500
-0.596920
-0.517580
-0.523680
-0.633540
-0.600590
-0.612790
-0.635990
-0.690920
-0.583500
-0.532230
-0.581050
-0.687260
-0.718990
-0.733640
-0.721440
-0.708010
-0.805660
-0.837400
-0.958250
-1.005900
-1.068100
-1.087600
-1.096200
-0.996090
-0.909420
-0.814210
-0.822750
-0.812990
-0.777590
-0.720210
-0.622560
-0.362550
-0.241700
-0.080566
0.078125
0.147710
0.280760
0.384520
0.449220
0.599370
0.690920
0.812990
0.899660
0.909420
1.095000
1.098600
1.075400
0.975340
0.853270
0.787350
0.670170
0.582280
0.526120
0.374760
0.218510
0.013428
-0.223390
-0.152590
-0.167240
-0.090332
-0.092773
-0.017090
0.156250
0.180660
0.213620
0.235600
0.214840
0.245360
0.252690
0.164790
0.206300
0.161130
0.041504
0.072021
0.024414
-0.012207
-0.040283
-0.026855
-0.019531
-0.086670
-0.135500
-0.213620
-0.257570
-0.321040
-0.301510
-0.354000
-0.302730
-0.104980
0.093994
0.175780
0.178220
0.247800
0.156250
-0.035400
-0.092773
0.151370
0.189210
0.134280
0.228270
0.184330
0.224610
0.219730
0.125730
0.080566
0.103760
-0.026855
0.064697
0.007324
0.058594
0.059814
-0.031738
-0.102540
-0.150150
-0.349120
-0.393070
-0.450440
-0.467530
-0.391850
-0.260010
-0.307620
-0.313720
-0.256350
-0.173340
-0.083008
-0.183110
-0.164790
-0.063477
-0.032959
-0.153810
-0.174560
-0.269780
-0.341800
-0.355220
-0.351560
-0.336910
-0.310060
-0.257570
-0.181880
-0.173340
-0.231930
-0.214840
-0.167240
-0.126950
-0.158690
-0.148930
-0.124510
-0.028076
-0.032959
0.010986
0.080566
0.080566
0.246580
0.260010
0.230710
0.278320
0.208740
0.256350
0.278320
0.214840
0.092773
-0.015869
-0.046387
-0.103760
-0.074463
-0.084229
-0.045166
-0.015869
0.070801
0.175780
0.258790
0.240480
0.233150
0.228270
0.306400
0.355220
0.310060
0.195310
0.151370
0.078125
0.024414
-0.015869
0.031738
0.079346
0.115970
0.040283
0.061035
-0.014648
-0.048828
