0.256350
0.384520
0.269780
0.352780
0.308840
0.236820
0.125730
0.102540
0.137940
0.229490
0.262450
0.301510
0.141600
0.192870
0.357670
0.573730
0.654300
1.180400
1.162100
0.826420
0.654300
0.524900
0.792240
0.802000
0.308840
0.198970
0.310060
0.573730
0.623780
0.653080
0.938720
0.942380
0.771480
0.712890
0.640870
0.344240
0.284420
0.400390
0.441890
0.393070
0.300290
0.284420
0.305180
0.364990
0.374760
0.200200
-0.133060
-0.386960
-0.550540
-0.629880
-0.732420
-0.708010
-0.690920
-0.640870
-0.731200
-0.831300
-0.900880
-0.930180
-0.993650
-1.019300
-1.091300
-1.198700
-1.240200
-1.285400
-1.304900
-1.340300
-1.418500
-1.481900
-1.508800
-1.467300
-1.499000
-1.514900
-1.458700
-1.505100
-1.497800
-1.424600
-1.402600
-1.434300
-1.383100
-1.350100
-1.357400
-1.262200
-1.259800
-1.247600
-1.191400
-1.091300
-1.048600
-0.993650
-0.891110
-0.808110
-0.805660
-0.742190
-0.643310
-0.545650
-0.528560
-0.452880
-0.321040
-0.252690
-0.035400
0.277100
0.676270
1.176800
1.774900
2.262000
2.689200
3.054200
3.155500
2.778300
2.771000
2.573200
2.266800
1.840800
1.480700
1.002200
0.653080
0.638430
0.919190
0.996090
0.738530
0.992430
1.452600
1.651600
1.723600
1.632100
1.640600
1.546600
1.412400
1.003400
0.887450
0.905760
0.731200
0.535890
0.395510
0.406490
0.316160
0.271000
0.153810
0.004883
-0.231930
-0.361330
-0.416260
-0.566410
-0.683590
-0.859380
-1.001000
-1.040000
-1.054700
-1.108400
-1.113300
-1.170700
-1.221900
-1.252400
-1.318400
-1.367200
-1.366000
-1.413600
-1.337900
-1.237800
-1.193800
-1.173100
-1.084000
-0.989990
-0.891110
-0.917970
-0.926510
-0.844730
-0.793460
-0.703130
-0.639650
-0.583500
-0.593260
-0.517580
-0.378420
-0.264890
-0.231930
-0.200200
-0.208740
-0.206300
-0.142820
-0.113530
-0.073242
0.064697
0.043945
0.032959
0.139160
0.198970
0.314940
0.493160
0.578610
0.633540
0.725100
0.814210
0.932620
0.998540
1.098600
1.234100
1.396500
1.425800
1.429400
1.543000
1.669900
1.665000
1.693100
1.772500
1.848100
1.879900
1.712600
1.617400
1.782200
2.045900
1.882300
1.899400
1.759000
1.530800
1.732200
1.690700
1.757800
1.662600
1.541700
1.658900
1.447800
1.351300
1.307400
1.234100
1.109600
0.985110
0.788570
0.571290
0.278320
0.006104
-0.115970
-0.382080
-0.679930
-0.871580
-0.977780
-1.082800
-1.186500
-1.236600
-1.386700
-1.435500
-1.445300
-1.522200
-1.572300
-1.560100
-1.597900
-1.518600
-1.519800
-1.497800
-1.490500
-1.512500
-1.512500
-1.535600
-1.499000
-1.424600
-1.442900
-1.397700
-1.301300
-1.268300
-1.181600
-1.136500
-1.115700
-1.057100
-0.955810
-0.860600
-0.783690
-0.708010
-0.714110
-0.697020
-0.649410
-0.579830
-0.467530
-0.356450
-0.269780
-0.271000
-0.302730
-0.290530
-0.085449
0.120850
0.354000
0.513920
0.688480
0.927730
1.036400
1.126700
1.348900
1.331800
1.427000
1.591800
1.506300
1.557600
1.651600
1.634500
1.549100
1.408700
1.131600
1.131600
1.164600
0.935060
0.788570
0.687260
0.618900
0.638430
0.551760
0.555420
0.472410
0.294190
0.202640
0.109860
0.261230
0.314940
0.097656
-0.157470
-0.069580
0.113530
0.069580
0.021973
-0.036621
0.032959
0.074463
0.098877
-0.115970
-0.366210
-0.432130
-0.242920
-0.207520
-0.356450
-0.507810
-0.548100
-0.407710
-0.457760
-0.487060
-0.373540
-0.302730
-0.150150
-0.045166
-0.024414
0.074463
0.142820
0.086670
-0.057373
-0.191650
-0.279540
-0.155030
-0.103760
-0.124510
-0.098877
0.004883
-0.035400
-0.141600
-0.208740
-0.308840
-0.395510
-0.444340
-0.585940
-0.651860
-0.585940
-0.522460
-0.616460
-0.760500
-0.616460
-0.491940
-0.477290
-0.595700
-0.537110
-0.562740
-0.562740
-0.563960
-0.587160
-0.659180
-0.892330
-1.088900
-1.095000
-1.013200
-1.002200
-1.127900
-1.210900
-1.248800
-1.197500
-1.290300
-1.264600
-1.234100
-1.159700
-1.267100
-1.293900
-1.197500
-1.108400
-1.044900
-0.958250
-0.960690
-0.860600
-0.584720
-0.411380
-0.485840
-0.496830
-0.394290
-0.130620
-0.058594
-0.126950
0.015869
0.080566
0.073242
0.198970
0.239260
0.159910
0.106200
0.010986
-0.103760
-0.316160
-0.502930
-0.625000
-0.684810
-0.776370
-0.799560
-0.758060
-0.845950
-0.903320
-1.014400
-1.055900
-1.035200
-0.954590
-0.928960
-0.887450
-0.841060
-0.783690
-0.736080
-0.648190
-0.489500
-0.369870
-0.297850
-0.181880
-0.058594
0.119630
0.284420
0.415040
0.397950
0.446780
0.495610
0.507810
0.457760
0.483400
0.533450
0.646970
0.743410
0.968020
1.189000
1.203600
1.113300
1.156000
1.319600
1.191400
1.038800
1.036400
1.092500
1.054700
0.843510
0.644530
0.628660
0.563960
0.538330
0.510250
0.412600
0.445560
0.539550
0.651860
0.620120
0.605470
0.593260
0.723880
0.736080
0.710450
0.635990
0.650630
0.501710
0.355220
0.251460
0.244140
0.150150
0.015869
0.057373
0.002441
-0.134280
-0.194090
-0.118410
-0.068359
-0.157470
-0.312500
-0.324710
-0.260010
-0.229490
-0.128170
0.013428
-0.061035
-0.102540
-0.179440
-0.288090
-0.200200
-0.142820
-0.072021
-0.031738
0.139160
