-0.046387
-0.036621
0.101320
0.039063
0.186770
0.136720
0.070801
0.089111
0.166020
0.107420
0.072021
0.076904
0.129390
0.251460
0.295410
0.552980
0.992430
0.882570
0.614010
0.458980
0.312500
0.551760
0.900880
0.748290
0.462650
0.201420
0.263670
0.402830
0.383300
0.346680
0.585940
0.506590
0.297850
0.506590
0.570070
0.405270
0.346680
0.421140
0.363770
0.401610
0.413820
0.324710
0.314940
0.351560
0.164790
0.009766
0.113530
0.111080
-0.144040
-0.301510
-0.283200
-0.180660
-0.028076
-0.124510
-0.303960
-0.516360
-0.615230
-0.626220
-0.782470
-0.832520
-0.820310
-0.924070
-1.048600
-1.135300
-1.225600
-1.286600
-1.367200
-1.364700
-1.506300
-1.577100
-1.563700
-1.541700
-1.547900
-1.619900
-1.578400
-1.557600
-1.525900
-1.473400
-1.315900
-1.280500
-1.285400
-1.219500
-1.148700
-1.040000
-0.963130
-0.927730
-0.885010
-0.828860
-0.689700
-0.622560
-0.551760
-0.561520
-0.444340
-0.367430
-0.350340
-0.296630
-0.258790
-0.097656
-0.029297
0.097656
0.246580
0.456540
0.703130
1.076700
1.501500
1.878700
2.246100
2.539100
2.855200
2.916300
2.910200
2.913800
2.836900
2.672100
2.303500
2.243700
2.016600
1.658900
1.439200
1.184100
0.878910
0.728760
1.003400
1.055900
1.409900
1.695600
1.668700
1.743200
1.925000
1.866500
1.657700
1.516100
1.285400
1.037600
0.867920
0.759280
0.732420
0.782470
0.792240
0.938720
1.208500
1.276900
1.473400
1.442900
1.446500
1.290300
1.193800
1.054700
0.683590
0.335690
0.253910
0.167240
-0.079346
-0.240480
-0.396730
-0.627440
-0.811770
-0.936280
-0.977780
-1.007100
-1.049800
-1.033900
-1.154800
-1.196300
-1.272000
-1.334200
-1.372100
-1.246300
-1.291500
-1.312300
-1.284200
-1.267100
-1.286600
-1.242700
-1.106000
-1.021700
-0.994870
-0.939940
-0.833740
-0.830080
-0.745850
-0.640870
-0.726320
-0.701900
-0.617680
-0.419920
-0.277100
-0.145260
0.074463
0.087891
0.291750
0.473630
0.340580
0.310060
0.356450
0.482180
0.601810
0.576170
0.589600
0.690920
0.621340
0.561520
0.693360
0.870360
0.902100
0.931400
0.769040
0.770260
0.858150
0.832520
0.693360
0.480960
0.362550
0.350340
0.245360
0.097656
-0.002441
-0.079346
-0.197750
-0.394290
-0.465090
-0.534670
-0.524900
-0.496830
-0.544430
-0.584720
-0.644530
-0.776370
-0.883790
-0.983890
-1.142600
-1.228000
-1.241500
-1.283000
-1.291500
-1.330600
-1.285400
-1.323200
-1.356200
-1.431900
-1.539300
-1.569800
-1.523400
-1.474600
-1.505100
-1.491700
-1.473400
-1.391600
-1.362300
-1.307400
-1.189000
-1.110800
-1.141400
-1.120600
-1.068100
-1.007100
-0.932620
-0.906980
-0.877690
-0.797120
-0.792240
-0.753170
-0.729980
-0.645750
-0.627440
-0.578610
-0.465090
-0.386960
-0.345460
-0.253910
-0.235600
-0.224610
-0.153810
-0.169680
-0.153810
-0.086670
-0.012207
0.037842
0.174560
0.308840
0.360110
0.461430
0.495610
0.579830
0.616460
0.667720
0.776370
0.885010
0.979000
1.116900
1.234100
1.355000
1.473400
1.718800
2.102100
2.539100
2.879600
3.068800
2.701400
2.293700
2.268100
2.105700
2.135000
2.019000
1.666300
1.632100
1.760300
1.884800
1.554000
1.431900
1.234100
1.096200
0.944820
0.679930
0.529790
0.343020
0.284420
0.303960
0.272220
0.148930
0.065918
-0.050049
-0.238040
-0.209960
0.000000
-0.007324
-0.118410
-0.216060
-0.130620
-0.168460
-0.144040
-0.069580
0.113530
0.169680
0.212400
0.084229
0.026855
-0.018311
-0.189210
-0.236820
-0.196530
-0.213620
-0.299070
-0.368650
-0.466310
-0.651860
-0.631100
-0.438230
-0.438230
-0.622560
-0.699460
-0.723880
-0.753170
-0.688480
-0.653080
-0.595700
-0.545650
-0.512700
-0.393070
-0.279540
-0.352780
-0.317380
-0.283200
-0.327150
-0.241700
-0.277100
-0.437010
-0.520020
-0.485840
-0.317380
-0.230710
-0.356450
-0.462650
-0.333250
-0.319820
-0.278320
-0.247800
-0.368650
-0.369870
-0.368650
-0.495610
-0.635990
-0.701900
-0.754390
-0.823970
-0.828860
-0.800780
-0.886230
-1.005900
-1.018100
-0.917970
-0.919190
-0.838620
-0.756840
-0.810550
-0.944820
-1.002200
-0.930180
-1.001000
-0.997310
-1.047400
-1.178000
-1.192600
-1.148700
-1.157200
-1.181600
-1.107200
-1.052200
-0.965580
-0.761720
-0.617680
-0.601810
-0.612790
-0.557860
-0.466310
-0.415040
-0.450440
-0.422360
-0.256350
-0.140380
-0.184330
-0.125730
0.092773
0.174560
0.153810
0.179440
0.139160
0.338130
0.415040
0.541990
0.649410
0.732420
0.770260
0.844730
0.960690
0.930180
0.931400
1.096200
1.109600
1.020500
0.992430
0.965580
0.761720
0.698240
0.463870
0.260010
0.168460
0.235600
0.294190
0.181880
0.196530
0.130620
0.078125
0.273440
0.449220
0.560300
0.560300
0.468750
0.429690
0.356450
0.340580
0.341800
0.213620
0.148930
0.220950
0.222170
0.155030
0.200200
0.268550
0.174560
0.141600
-0.017090
-0.142820
-0.183110
-0.113530
-0.115970
-0.068359
-0.048828
0.020752
0.128170
0.139160
0.003662
-0.001221
0.015869
-0.093994
-0.195310
-0.253910
-0.306400
-0.324710
-0.256350
-0.152590
-0.031738
0.035400
-0.010986
-0.180660
-0.211180
-0.119630
0.028076
0.084229
0.081787
