0.222170
0.131840
-0.047607
-0.084229
-0.078125
-0.146480
-0.140380
-0.015869
0.004883
0.039063
0.078125
-0.007324
-0.256350
-0.234380
-0.047607
-0.008545
0.068359
0.256350
0.531010
0.701900
0.645750
0.628660
0.432130
0.249020
0.361330
0.229490
-0.029297
-0.206300
-0.177000
-0.117190
-0.102540
0.031738
0.173340
0.185550
0.336910
0.416260
0.404050
0.174560
-0.003662
-0.074463
-0.018311
0.089111
0.123290
0.102540
0.036621
0.089111
0.227050
0.211180
-0.107420
-0.266110
-0.377200
-0.433350
-0.480960
-0.554200
-0.632320
-0.682370
-0.748290
-0.836180
-0.897220
-0.960690
-0.970460
-1.010700
-1.099900
-1.062000
-1.054700
-1.064500
-1.101100
-1.156000
-1.189000
-1.181600
-1.235400
-1.223100
-1.196300
-1.121800
-1.080300
-1.132800
-1.119400
-1.037600
-0.988770
-0.943600
-0.805660
-0.737300
-0.738530
-0.689700
-0.660400
-0.587160
-0.522460
-0.415040
-0.300290
-0.256350
-0.245360
-0.250240
-0.191650
-0.203860
-0.162350
-0.161130
-0.010986
0.052490
0.019531
0.128170
0.283200
0.455320
0.634770
0.878910
1.323200
1.970200
2.403600
2.611100
3.032200
2.794200
2.825900
2.733200
2.749000
2.635500
2.523200
2.179000
2.092300
2.058100
2.002000
1.608900
1.320800
1.187700
0.917970
0.546880
0.500490
0.297850
0.217290
-0.075684
-0.378420
-0.162350
0.173340
0.391850
0.728760
1.126700
1.245100
1.533200
1.635700
1.458700
1.369600
1.213400
1.007100
0.891110
0.933840
1.003400
1.116900
1.157200
0.971680
0.627440
0.415040
0.141600
0.006104
-0.061035
-0.185550
-0.318600
-0.438230
-0.634770
-0.871580
-1.002200
-1.035200
-1.132800
-1.250000
-1.306200
-1.436800
-1.467300
-1.488000
-1.572300
-1.663800
-1.761500
-1.726100
-1.688200
-1.695600
-1.663800
-1.617400
-1.596700
-1.560100
-1.536900
-1.528300
-1.456300
-1.387900
-1.345200
-1.276900
-1.217000
-1.110800
-1.036400
-0.985110
-0.938720
-0.875240
-0.797120
-0.688480
-0.549320
-0.583500
-0.583500
-0.588380
-0.526120
-0.454100
-0.373540
-0.267330
-0.178220
-0.063477
0.042725
0.139160
0.252690
0.344240
0.450440
0.572510
0.567630
0.716550
0.953370
1.137700
1.330600
1.375700
1.571000
1.737100
1.774900
1.970200
2.324200
2.248500
2.099600
2.281500
2.294900
2.097200
1.961700
1.801800
1.508800
1.427000
1.298800
1.092500
0.791020
0.677490
0.524900
0.317380
0.134280
0.107420
0.087891
0.023193
-0.017090
-0.087891
-0.314940
-0.318600
-0.280760
-0.374760
-0.423580
-0.422360
-0.445560
-0.502930
-0.527340
-0.592040
-0.606690
-0.795900
-0.960690
-0.928960
-0.910640
-0.966800
-0.975340
-0.981450
-1.040000
-1.156000
-1.191400
-1.270800
-1.279300
-1.314700
-1.273200
-1.202400
-1.210900
-1.261000
-1.337900
-1.356200
-1.408700
-1.439200
-1.395300
-1.384300
-1.304900
-1.231700
-1.221900
-1.153600
-1.085200
-1.043700
-0.993650
-0.952150
-0.798340
-0.628660
-0.532230
-0.454100
-0.441890
-0.214840
-0.017090
0.239260
0.568850
0.859380
1.158400
1.552700
1.743200
1.698000
1.662600
1.561300
1.306200
1.219500
0.930180
0.756840
0.747070
0.476070
0.645750
0.852050
1.096200
1.485600
1.462400
1.438000
1.488000
1.091300
1.007100
0.845950
0.739750
0.620120
0.458980
0.413820
0.395510
0.426030
0.396730
0.325930
0.181880
-0.002441
-0.101320
-0.235600
-0.238040
-0.245360
-0.290530
-0.340580
-0.418700
-0.689700
-0.725100
-0.671390
-0.744630
-0.826420
-0.762940
-0.766600
-0.786130
-0.776370
-0.745850
-0.739750
-0.767820
-0.777590
-0.803220
-0.926510
-1.012000
-1.016800
-1.055900
-1.051000
-1.040000
-1.048600
-1.044900
-0.993650
-1.046100
-0.976560
-1.001000
-1.025400
-0.953370
-1.060800
-1.047400
-1.001000
-0.966800
-0.917970
-0.792240
-0.758060
-0.731200
-0.675050
-0.635990
-0.584720
-0.526120
-0.472410
-0.532230
-0.523680
-0.406490
-0.314940
-0.261230
-0.153810
-0.032959
0.200200
0.360110
0.546880
0.764160
0.961910
1.091300
1.132800
1.185300
1.269500
1.268300
1.215800
1.284200
1.436800
1.384300
1.328100
1.208500
1.158400
1.352500
1.304900
1.217000
1.143800
1.125500
0.957030
0.892330
0.872800
0.905760
0.880130
0.782470
0.716550
0.718990
0.633540
0.682370
0.603030
0.351560
0.118410
-0.019531
-0.074463
-0.153810
-0.258790
-0.341800
-0.443120
-0.472410
-0.480960
-0.499270
-0.571290
-0.698240
-0.832520
-0.915530
-0.888670
-0.906980
-0.904540
-0.911870
-0.720210
-0.732420
-0.633540
-0.528560
-0.401610
-0.355220
-0.269780
-0.153810
0.047607
0.075684
0.070801
0.106200
0.108640
0.117190
0.152590
0.048828
-0.111080
-0.068359
-0.004883
-0.222170
-0.297850
-0.133060
-0.059814
-0.065918
-0.013428
0.050049
0.130620
0.273440
0.382080
0.438230
0.258790
0.051270
-0.076904
-0.272220
-0.369870
-0.377200
-0.385740
-0.401610
-0.384520
-0.378420
-0.462650
-0.443120
-0.449220
-0.478520
-0.397950
-0.415040
-0.415040
-0.477290
-0.539550
-0.460210
-0.380860
-0.349120
-0.291750
-0.346680
-0.329590
-0.124510
-0.035400
-0.086670
-0.158690
-0.186770
-0.150150
-0.087891
0.000000
-0.032959
-0.019531
-0.061035
0.095215
0.216060
0.167240
0.072021
-0.023193
0.004883
