-0.117190
-0.028076
-0.029297
-0.061035
-0.137940
-0.164790
-0.179440
-0.045166
0.053711
-0.002441
-0.086670
-0.153810
-0.045166
0.008545
-0.192870
-0.115970
0.321040
0.598140
0.810550
0.765380
0.424800
0.515140
0.568850
0.474850
0.166020
0.056152
0.277100
0.252690
0.413820
0.516360
0.606690
0.798340
0.708010
0.364990
-0.009766
-0.118410
-0.136720
-0.256350
-0.189210
-0.135500
-0.185550
-0.075684
-0.056152
-0.139160
-0.266110
-0.303960
-0.493160
-0.727540
-0.900880
-1.064500
-1.079100
-1.032700
-1.016800
-1.134000
-1.218300
-1.207300
-1.200000
-1.229200
-1.240200
-1.328100
-1.325700
-1.306200
-1.313500
-1.265900
-1.292700
-1.297600
-1.302500
-1.283000
-1.230500
-1.198700
-1.148700
-1.104700
-1.076700
-1.110800
-1.102300
-1.081500
-1.055900
-0.997310
-0.944820
-1.009500
-1.009500
-1.008300
-0.887450
-0.793460
-0.728760
-0.583500
-0.480960
-0.427250
-0.351560
-0.340580
-0.285640
-0.172120
-0.104980
-0.113530
-0.092773
0.028076
0.155030
0.308840
0.518800
0.852050
1.422100
2.042200
2.551300
2.928500
3.175000
3.232400
3.286100
3.403300
3.060300
2.666000
2.388900
2.194800
1.987300
1.951900
1.547900
1.127900
0.886230
0.478520
0.543210
0.810550
1.012000
0.985110
1.228000
1.667500
1.768800
1.840800
1.899400
1.912800
1.694300
1.446500
1.335400
1.252400
1.130400
0.958250
0.736080
0.572510
0.384520
0.161130
0.043945
-0.169680
-0.211180
-0.275880
-0.437010
-0.622560
-0.644530
-0.675050
-0.620120
-0.659180
-0.797120
-0.820310
-0.819090
-0.883790
-0.996090
-1.093800
-1.192600
-1.217000
-1.169400
-1.129200
-1.065700
-1.044900
-1.047400
-1.001000
-0.971680
-0.921630
-0.977780
-0.982670
-0.911870
-0.855710
-0.747070
-0.643310
-0.642090
-0.583500
-0.511470
-0.458980
-0.311280
-0.285640
-0.264890
-0.214840
-0.159910
-0.046387
-0.004883
0.031738
0.184330
0.305180
0.443120
0.540770
0.668950
0.749510
0.815430
0.841060
0.797120
0.919190
0.932620
0.854490
0.720210
0.739750
0.802000
0.902100
0.944820
0.996090
1.012000
0.988770
1.293900
1.516100
1.484400
1.502700
1.467300
1.391600
1.644300
1.469700
1.416000
1.413600
1.201200
1.099900
1.027800
0.959470
1.044900
0.914310
0.499270
0.504150
0.477290
0.385740
0.367430
0.373540
0.167240
0.146480
-0.069580
-0.186770
-0.256350
-0.245360
-0.196530
-0.296630
-0.488280
-0.513920
-0.502930
-0.533450
-0.501710
-0.515140
-0.538330
-0.631100
-0.592040
-0.581050
-0.537110
-0.501710
-0.550540
-0.551760
-0.606690
-0.548100
-0.504150
-0.380860
-0.257570
-0.111080
0.052490
0.023193
0.058594
0.059814
0.172120
0.140380
0.257570
0.367430
0.290530
0.189210
0.122070
-0.148930
-0.135500
-0.224610
-0.263670
-0.516360
-0.717770
-0.679930
-0.668950
-0.731200
-0.833740
-0.786130
-0.770260
-0.844730
-1.108400
-1.135300
-1.141400
-1.108400
-1.088900
-1.283000
-1.178000
-1.129200
-1.077900
-0.917970
-0.802000
-0.765380
-0.698240
-0.654300
-0.480960
-0.385740
-0.363770
-0.357670
-0.417480
-0.526120
-0.515140
-0.417480
-0.402830
-0.378420
-0.380860
-0.292970
-0.327150
-0.437010
-0.457760
-0.540770
-0.666500
-0.783690
-0.806880
-0.754390
-0.782470
-0.866700
-0.860600
-0.944820
-0.958250
-0.946040
-0.937500
-0.920410
-0.802000
-0.640870
-0.544430
-0.502930
-0.541990
-0.559080
-0.476070
-0.573730
-0.543210
-0.363770
-0.167240
-0.101320
-0.102540
-0.214840
-0.361330
-0.396730
-0.277100
-0.228270
-0.295410
-0.384520
-0.364990
-0.212400
-0.213620
-0.142820
-0.040283
-0.037842
0.037842
0.034180
0.041504
0.208740
0.214840
0.179440
0.198970
0.197750
-0.062256
-0.147710
-0.063477
0.133060
0.239260
0.151370
0.303960
0.357670
0.395510
0.483400
0.549320
0.631100
0.705570
0.579830
0.449220
0.479740
0.507810
0.445560
0.395510
0.435790
0.371090
0.462650
0.520020
0.551760
0.520020
0.394290
0.260010
0.080566
0.109860
0.047607
0.000000
0.063477
-0.012207
0.007324
0.054932
-0.010986
-0.223390
-0.267330
-0.291750
-0.278320
-0.336910
-0.354000
-0.327150
-0.294190
-0.267330
-0.317380
-0.388180
-0.541990
-0.562740
-0.528560
-0.458980
-0.272220
-0.252690
-0.183110
-0.097656
0.028076
0.156250
0.145260
0.240480
0.469970
0.611570
0.656740
0.589600
0.556640
0.559080
0.540770
0.488280
0.421140
0.341800
0.402830
0.476070
0.428470
0.468750
0.482180
0.443120
0.546880
0.527340
0.515140
0.521240
0.426030
0.355220
0.369870
0.357670
0.356450
0.223390
0.078125
0.036621
0.150150
0.168460
0.147710
0.175780
0.018311
-0.124510
-0.067139
-0.020752
-0.029297
-0.003662
-0.063477
-0.020752
-0.104980
-0.012207
-0.014648
0.024414
-0.047607
-0.095215
-0.179440
-0.222170
-0.146480
-0.098877
-0.213620
-0.260010
-0.230710
-0.128170
-0.128170
-0.310060
-0.310060
-0.361330
-0.233150
-0.102540
-0.206300
-0.086670
0.030518
0.114750
0.252690
0.278320
0.314940
0.325930
0.338130
0.418700
0.434570
0.418700
0.343020
0.379640
0.452880
0.391850
0.417480
0.354000
0.313720
0.244140
0.281980
0.393070
0.421140
0.457760
0.335690
0.291750
0.261230
0.163570
0.139160
