0.136720
0.118410
0.195310
0.179440
0.285640
0.288090
0.175780
0.102540
-0.068359
-0.122070
-0.236820
-0.289310
-0.222170
-0.103760
-0.091553
-0.097656
0.137940
0.645750
0.716550
0.443120
0.349120
0.184330
0.074463
0.305180
0.366210
0.275880
0.139160
0.139160
0.119630
0.062256
0.423580
0.430910
0.349120
0.477290
0.390630
0.535890
0.529790
0.410160
0.216060
0.211180
0.529790
0.491940
0.322270
0.352780
0.311280
0.150150
-0.046387
-0.262450
-0.401610
-0.485840
-0.515140
-0.627440
-0.549320
-0.487060
-0.490720
-0.490720
-0.466310
-0.528560
-0.511470
-0.518800
-0.612790
-0.660400
-0.562740
-0.490720
-0.501710
-0.538330
-0.644530
-0.649410
-0.668950
-0.772710
-0.861820
-0.878910
-0.960690
-1.024200
-1.129200
-1.228000
-1.240200
-1.284200
-1.308600
-1.224400
-1.308600
-1.377000
-1.322000
-1.300000
-1.283000
-1.228000
-1.224400
-1.180400
-1.138900
-1.058300
-0.947270
-0.893550
-0.897220
-0.904540
-0.826420
-0.716550
-0.642090
-0.552980
-0.432130
-0.367430
-0.303960
-0.157470
0.017090
0.300290
0.458980
0.584720
0.887450
1.151100
1.286600
1.494100
1.707800
2.042200
2.216800
2.209500
2.326700
2.489000
2.519500
2.451200
2.356000
2.294900
2.087400
1.661400
1.375700
1.116900
1.003400
0.729980
0.675050
0.659180
1.044900
1.127900
1.168200
1.374500
1.583300
1.608900
1.610100
1.578400
1.337900
1.071800
0.965580
0.825200
0.843510
1.013200
1.309800
1.644300
1.992200
1.959200
1.571000
1.582000
1.314700
1.037600
0.681150
0.307620
0.129390
0.018311
0.020752
-0.046387
-0.161130
-0.288090
-0.424800
-0.601810
-0.825200
-0.996090
-1.110800
-1.091300
-1.200000
-1.262200
-1.324500
-1.473400
-1.580800
-1.699200
-1.774900
-1.798100
-1.807900
-1.789600
-1.816400
-1.820100
-1.812700
-1.757800
-1.709000
-1.590600
-1.513700
-1.492900
-1.495400
-1.446500
-1.333000
-1.274400
-1.224400
-1.124300
-1.069300
-1.027800
-0.942380
-0.915530
-0.806880
-0.684810
-0.638430
-0.588380
-0.460210
-0.318600
-0.205080
-0.235600
-0.166020
-0.102540
-0.069580
-0.002441
0.046387
-0.021973
-0.039063
-0.020752
0.021973
0.126950
0.241700
0.360110
0.487060
0.679930
0.875240
1.064500
1.162100
1.363500
1.635700
1.892100
2.076400
2.165500
2.187500
2.385300
2.622100
2.325400
2.085000
2.020300
1.800500
1.729700
1.732200
1.889600
1.867700
1.679700
1.508800
1.253700
1.040000
1.041300
0.820310
0.589600
0.352780
0.158690
0.072021
-0.047607
-0.256350
-0.391850
-0.524900
-0.595700
-0.777590
-0.917970
-0.966800
-1.113300
-1.109600
-1.109600
-1.134000
-1.293900
-1.329300
-1.265900
-1.246300
-1.186500
-1.092500
-1.086400
-1.160900
-1.198700
-1.176800
-1.213400
-1.198700
-1.171900
-1.149900
-1.185300
-1.185300
-1.187700
-1.254900
-1.217000
-1.198700
-1.090100
-1.032700
-1.003400
-0.975340
-0.852050
-0.720210
-0.732420
-0.787350
-0.798340
-0.751950
-0.697020
-0.659180
-0.607910
-0.493160
-0.394290
-0.228270
-0.194090
-0.300290
-0.277100
-0.231930
-0.213620
-0.191650
-0.106200
-0.113530
-0.067139
0.028076
0.086670
0.177000
0.255130
0.389400
0.483400
0.505370
0.603030
0.703130
0.993650
1.228000
1.306200
1.468500
1.773700
2.071500
2.292500
2.325400
2.049600
1.401400
0.877690
0.395510
0.853270
1.346400
1.419700
1.578400
1.833500
1.923800
1.679700
1.649200
1.554000
1.015600
0.625000
0.441890
0.488280
0.729980
0.896000
0.877690
0.728760
0.336910
0.070801
0.021973
0.008545
0.012207
-0.007324
-0.089111
-0.133060
-0.222170
-0.260010
-0.339360
-0.518800
-0.544430
-0.535890
-0.626220
-0.534670
-0.599370
-0.694580
-0.720210
-0.758060
-0.836180
-0.913090
-0.874020
-0.874020
-0.861820
-0.843510
-0.825200
-0.871580
-0.852050
-0.843510
-0.848390
-0.814210
-0.792240
-0.712890
-0.748290
-0.845950
-0.897220
-0.943600
-0.968020
-0.994870
-0.959470
-0.931400
-0.989990
-1.031500
-1.033900
-0.886230
-0.560300
-0.395510
-0.299070
-0.329590
-0.288090
-0.162350
0.045166
0.175780
0.297850
0.283200
0.229490
0.378420
0.401610
0.292970
0.124510
0.069580
0.034180
-0.085449
-0.211180
-0.231930
-0.075684
0.133060
-0.043945
-0.286870
-0.286870
-0.283200
-0.158690
-0.103760
-0.212400
-0.244140
-0.234380
-0.236820
-0.187990
-0.371090
-0.485840
-0.395510
-0.363770
-0.344240
-0.344240
-0.308840
-0.198970
-0.300290
-0.397950
-0.242920
-0.341800
-0.385740
-0.432130
-0.347900
-0.242920
-0.207520
-0.064697
-0.081787
-0.081787
-0.126950
-0.272220
-0.332030
-0.400390
-0.461430
-0.428470
-0.474850
-0.505370
-0.489500
-0.587160
-0.684810
-0.646970
-0.615230
-0.655520
-0.751950
-0.780030
-0.742190
-0.648190
-0.465090
-0.364990
-0.319820
-0.343020
-0.325930
-0.267330
-0.222170
-0.109860
-0.089111
-0.142820
-0.162350
-0.137940
-0.067139
0.009766
0.091553
0.137940
0.145260
0.273440
0.444340
0.498050
0.494380
0.579830
0.708010
0.832520
0.960690
1.008300
1.189000
1.345200
1.436800
1.397700
1.374500
1.414800
1.428200
1.258500
1.246300
1.237800
1.156000
1.219500
1.096200
0.834960
0.682370
0.427250
0.236820
0.148930
0.183110
