0.137940
-0.021973
0.080566
0.247800
0.236820
0.297850
0.218510
0.136720
0.225830
0.046387
-0.118410
-0.084229
-0.213620
-0.174560
-0.056152
-0.104980
0.089111
0.496830
0.903320
0.893550
0.815430
0.607910
0.661620
0.755620
0.806880
0.356450
0.290530
0.437010
0.639650
0.808110
0.679930
0.740970
0.780030
0.880130
0.557860
0.073242
0.125730
0.030518
0.096436
0.080566
0.018311
-0.123290
-0.081787
-0.043945
0.020752
0.040283
-0.217290
-0.565190
-0.745850
-0.948490
-1.060800
-1.085200
-1.073000
-1.112100
-1.098600
-1.062000
-1.116900
-1.159700
-1.153600
-1.272000
-1.346400
-1.368400
-1.359900
-1.323200
-1.317100
-1.265900
-1.325700
-1.370800
-1.340300
-1.263400
-1.174300
-1.181600
-1.174300
-1.173100
-1.137700
-1.095000
-1.044900
-1.041300
-0.977780
-0.936280
-0.878910
-0.805660
-0.772710
-0.743410
-0.693360
-0.642090
-0.571290
-0.527340
-0.427250
-0.314940
-0.240480
-0.227050
-0.207520
-0.095215
-0.023193
-0.031738
-0.004883
0.042725
0.134280
0.272220
0.466310
0.682370
1.096200
1.455100
1.774900
1.955600
2.187500
2.419400
2.692900
2.830800
2.829600
2.862500
2.827100
2.762500
2.589100
2.349900
2.312000
1.978800
1.707800
1.381800
1.008300
0.607910
0.124510
-0.139160
0.191650
0.417480
0.665280
0.921630
1.276900
1.499000
1.751700
1.855500
1.744400
1.627200
1.380600
1.051000
0.800780
0.555420
0.413820
0.217290
0.018311
-0.157470
-0.426030
-0.595700
-0.672610
-0.831300
-0.935060
-1.027800
-1.102300
-1.218300
-1.324500
-1.400100
-1.479500
-1.396500
-1.405000
-1.423300
-1.429400
-1.450200
-1.467300
-1.466100
-1.485600
-1.428200
-1.345200
-1.309800
-1.281700
-1.304900
-1.284200
-1.220700
-1.178000
-1.145000
-1.076700
-0.977780
-0.926510
-0.863040
-0.794680
-0.701900
-0.515140
-0.415040
-0.347900
-0.231930
-0.137940
-0.079346
-0.048828
0.014648
0.133060
0.131840
0.123290
0.158690
0.290530
0.411380
0.539550
0.677490
0.728760
0.891110
1.064500
1.157200
1.209700
1.502700
1.861600
1.972700
2.003200
2.082500
2.224100
2.037400
2.180200
2.015400
1.884800
1.757800
1.563700
1.417200
1.283000
1.129200
1.190200
1.213400
1.098600
0.875240
0.861820
0.931400
0.887450
0.692140
0.336910
0.242920
0.236820
0.139160
0.081787
-0.001221
-0.115970
-0.074463
-0.065918
-0.131840
-0.343020
-0.500490
-0.545650
-0.645750
-0.737300
-0.769040
-0.760500
-0.809330
-0.777590
-0.778810
-0.784910
-0.909420
-0.893550
-0.744630
-0.673830
-0.718990
-0.599370
-0.533450
-0.592040
-0.650630
-0.738530
-0.849610
-0.902100
-0.936280
-0.997310
-0.947270
-0.965580
-0.957030
-0.988770
-0.944820
-0.858150
-0.791020
-0.727540
-0.686040
-0.606690
-0.666500
-0.623780
-0.634770
-0.594480
-0.577390
-0.500490
-0.545650
-0.626220
-0.656740
-0.618900
-0.502930
-0.347900
-0.162350
-0.031738
-0.124510
-0.063477
-0.158690
-0.131840
-0.097656
-0.233150
-0.007324
-0.139160
-0.115970
0.230710
0.150150
0.162350
0.230710
0.029297
-0.014648
0.020752
0.067139
0.191650
0.361330
0.358890
0.322270
0.375980
0.164790
0.068359
0.015869
-0.124510
-0.174560
-0.181880
-0.129390
-0.026855
-0.007324
-0.108640
-0.262450
-0.371090
-0.300290
-0.367430
-0.429690
-0.561520
-0.640870
-0.700680
-0.853270
-0.971680
-1.070600
-1.131600
-1.178000
-1.195100
-1.163300
-1.070600
-0.988770
-0.855710
-0.852050
-0.777590
-0.806880
-0.802000
-0.789790
-0.712890
-0.638430
-0.633540
-0.628660
-0.572510
-0.510250
-0.496830
-0.408940
-0.385740
-0.374760
-0.427250
-0.429690
-0.416260
-0.374760
-0.318600
-0.275880
-0.187990
-0.113530
-0.054932
0.028076
0.078125
0.235600
0.360110
0.460210
0.620120
0.747070
0.802000
0.977780
1.126700
1.297600
1.647900
2.081300
2.417000
2.365700
2.448700
2.382800
2.360800
2.072800
1.811500
1.480700
1.280500
1.334200
1.510000
1.710200
1.668700
1.462400
1.390400
1.192600
0.938720
0.629880
0.244140
0.152590
0.131840
0.040283
0.020752
-0.084229
-0.236820
-0.266110
-0.312500
-0.505370
-0.617680
-0.687260
-0.671390
-0.666500
-0.720210
-0.811770
-0.863040
-0.866700
-0.837400
-0.797120
-0.928960
-0.993650
-0.982670
-0.942380
-0.903320
-0.904540
-0.825200
-0.644530
-0.413820
-0.222170
-0.102540
-0.139160
-0.113530
-0.036621
0.009766
-0.028076
-0.081787
-0.120850
-0.054932
0.056152
0.192870
0.253910
0.358890
0.299070
0.003662
0.008545
0.123290
0.162350
0.053711
-0.004883
-0.040283
0.003662
0.023193
-0.019531
0.098877
0.158690
0.291750
0.490720
0.333250
0.206300
0.096436
0.136720
0.074463
0.115970
-0.037842
-0.192870
-0.151370
-0.249020
-0.240480
-0.247800
-0.230710
-0.256350
-0.251460
-0.291750
-0.327150
-0.230710
-0.300290
-0.295410
-0.169680
-0.131840
-0.159910
-0.159910
-0.065918
-0.034180
-0.053711
-0.058594
-0.009766
-0.057373
0.014648
-0.070801
-0.146480
-0.040283
0.067139
0.155030
0.123290
0.001221
0.034180
-0.128170
-0.114750
-0.064697
-0.017090
-0.074463
-0.089111
-0.157470
-0.157470
-0.253910
-0.281980
-0.122070
-0.173340
-0.264890
-0.207520
-0.148930
-0.008545
0.018311
0.048828
0.041504
