-0.023193
-0.001221
-0.051270
0.030518
0.014648
0.052490
0.227050
0.433350
0.397950
0.281980
0.258790
0.189210
0.153810
0.153810
0.140380
0.158690
0.046387
0.053711
0.212400
0.808110
1.209700
1.126700
1.027800
0.792240
0.620120
0.756840
0.576170
0.048828
0.028076
0.157470
0.065918
0.316160
0.571290
0.701900
0.570070
0.581050
0.606690
0.330810
0.163570
0.257570
0.313720
0.406490
0.257570
0.281980
0.371090
0.239260
-0.010986
-0.106200
-0.280760
-0.509030
-0.625000
-0.821530
-0.908200
-0.836180
-0.932620
-1.024200
-1.057100
-1.163300
-1.239000
-1.242700
-1.289100
-1.312300
-1.345200
-1.344000
-1.312300
-1.193800
-1.184100
-1.273200
-1.287800
-1.278100
-1.295200
-1.218300
-1.219500
-1.259800
-1.245100
-1.239000
-1.214600
-1.242700
-1.192600
-1.087600
-1.075400
-1.087600
-1.022900
-0.964360
-0.954590
-0.877690
-0.850830
-0.789790
-0.783690
-0.677490
-0.601810
-0.561520
-0.457760
-0.395510
-0.384520
-0.310060
-0.223390
-0.123290
0.001221
0.104980
0.178220
0.333250
0.540770
0.761720
1.109600
1.677200
2.242400
2.517100
2.836900
3.092000
2.938200
2.856400
2.944300
2.658700
2.594000
2.426800
2.022700
1.840800
1.937300
1.760300
1.529500
1.118200
0.718990
0.515140
0.194090
0.074463
0.346680
0.404050
0.385740
0.577390
0.822750
1.046100
1.359900
1.607700
1.832300
2.076400
2.113000
2.015400
1.981200
1.887200
1.752900
1.684600
1.546600
1.436800
1.203600
1.173100
0.989990
0.633540
0.394290
0.140380
-0.046387
-0.185550
-0.325930
-0.573730
-0.736080
-0.932620
-1.033900
-1.070600
-1.291500
-1.433100
-1.593000
-1.749300
-1.796900
-1.844500
-1.828600
-1.767600
-1.844500
-1.899400
-1.871300
-1.877400
-1.803000
-1.698000
-1.541700
-1.488000
-1.501500
-1.463600
-1.417200
-1.351300
-1.304900
-1.236600
-1.176800
-1.115700
-1.040000
-0.977780
-0.964360
-0.880130
-0.762940
-0.767820
-0.708010
-0.687260
-0.576170
-0.480960
-0.336910
-0.251460
-0.207520
-0.021973
0.100100
0.190430
0.201420
0.260010
0.357670
0.368650
0.322270
0.419920
0.395510
0.328370
0.415040
0.374760
0.434570
0.496830
0.614010
0.703130
0.798340
0.944820
1.215800
1.573500
1.733400
2.005600
2.235100
2.424300
2.299800
2.211900
2.497600
2.054400
1.860400
1.774900
1.425800
1.234100
1.135300
0.963130
0.753170
0.727540
0.676270
0.697020
0.589600
0.466310
0.297850
0.152590
0.004883
-0.036621
-0.144040
-0.218510
-0.334470
-0.455320
-0.477290
-0.424800
-0.507810
-0.589600
-0.539550
-0.629880
-0.769040
-0.837400
-0.739750
-0.703130
-0.742190
-0.778810
-0.933840
-0.922850
-0.971680
-1.103500
-1.228000
-1.269500
-1.414800
-1.434300
-1.428200
-1.449000
-1.480700
-1.508800
-1.508800
-1.495400
-1.363500
-1.342800
-1.315900
-1.218300
-1.220700
-1.202400
-1.193800
-1.174300
-1.029100
-0.974120
-0.998540
-0.856930
-0.754390
-0.749510
-0.723880
-0.668950
-0.478520
-0.262450
-0.128170
0.040283
0.201420
0.377200
0.623780
1.005900
1.451400
1.846900
1.949500
1.867700
1.805400
1.522200
1.246300
0.997310
0.963130
0.997310
0.717770
0.588380
0.715330
0.782470
0.679930
0.772710
1.174300
1.204800
1.035200
0.800780
0.456540
0.450440
0.462650
0.526120
0.416260
0.322270
0.338130
0.451660
0.461430
0.499270
0.443120
0.286870
-0.004883
-0.305180
-0.540770
-0.578610
-0.581050
-0.485840
-0.380860
-0.373540
-0.428470
-0.494380
-0.581050
-0.668950
-0.699460
-0.781250
-0.834960
-0.745850
-0.841060
-0.883790
-0.986330
-1.026600
-1.033900
-0.986330
-0.950930
-0.916750
-0.950930
-0.985110
-1.043700
-1.130400
-1.107200
-1.051000
-1.026600
-0.968020
-0.802000
-0.822750
-0.800780
-0.745850
-0.710450
-0.777590
-0.739750
-0.748290
-0.693360
-0.657960
-0.599370
-0.433350
-0.219730
-0.078125
-0.002441
0.015869
0.031738
0.086670
0.087891
0.177000
0.391850
0.460210
0.616460
0.847170
1.140100
1.290300
1.257300
1.095000
0.931400
0.919190
0.754390
0.690920
0.758060
0.672610
0.701900
0.743410
0.703130
0.729980
0.692140
0.809330
0.815430
0.760500
0.524900
0.531010
0.661620
0.622560
0.504150
0.465090
0.487060
0.396730
0.474850
0.449220
0.469970
0.386960
0.509030
0.400390
0.347900
0.150150
0.037842
-0.118410
-0.118410
-0.216060
-0.297850
-0.456540
-0.598140
-0.635990
-0.587160
-0.589600
-0.681150
-0.815430
-0.819090
-0.786130
-0.710450
-0.665280
-0.657960
-0.659180
-0.736080
-0.657960
-0.670170
-0.544430
-0.440670
-0.438230
-0.428470
-0.389400
-0.249020
-0.170900
-0.087891
0.059814
0.107420
0.057373
0.139160
0.097656
0.146480
0.213620
0.202640
0.072021
0.191650
0.211180
0.156250
0.126950
-0.020752
-0.106200
-0.170900
-0.207520
-0.257570
-0.363770
-0.462650
-0.375980
-0.401610
-0.408940
-0.291750
-0.231930
-0.137940
-0.037842
-0.007324
-0.007324
-0.050049
-0.085449
-0.101320
-0.203860
-0.279540
-0.367430
-0.400390
-0.422360
-0.393070
-0.401610
-0.489500
-0.559080
-0.604250
-0.587160
-0.562740
-0.538330
-0.505370
-0.598140
-0.532230
-0.457760
-0.386960
-0.374760
-0.428470
-0.488280
-0.318600
-0.194090
