0.759280
0.706790
0.548100
0.391850
0.310060
0.415040
0.360110
0.087891
0.150150
0.242920
0.305180
0.294190
0.093994
0.085449
0.129390
0.340580
0.465090
0.346680
0.347900
0.612790
0.863040
0.673830
0.445560
0.371090
0.541990
0.853270
0.463870
0.358890
0.303960
0.539550
0.694580
0.479740
0.396730
0.507810
0.524900
0.465090
0.185550
-0.006104
-0.194090
-0.310060
-0.322270
-0.130620
-0.083008
0.059814
0.137940
0.166020
0.227050
0.151370
0.012207
-0.169680
-0.339360
-0.623780
-0.773930
-0.847170
-0.913090
-0.856930
-0.976560
-1.030300
-1.121800
-1.328100
-1.441700
-1.500200
-1.658900
-1.755400
-1.776100
-1.789600
-1.878700
-1.882300
-1.882300
-1.893300
-1.871300
-1.715100
-1.671100
-1.726100
-1.671100
-1.651600
-1.589400
-1.473400
-1.422100
-1.375700
-1.298800
-1.257300
-1.235400
-1.179200
-1.041300
-0.942380
-0.860600
-0.753170
-0.693360
-0.692140
-0.610350
-0.499270
-0.443120
-0.357670
-0.214840
-0.233150
-0.196530
-0.126950
-0.028076
0.135500
0.228270
0.380860
0.764160
1.407500
2.069100
2.506100
2.659900
2.731900
2.851600
2.876000
2.901600
2.742900
2.592800
2.301000
2.293700
2.221700
1.969000
1.835900
1.693100
1.485600
1.224400
1.215800
1.086400
0.991210
1.059600
1.064500
0.782470
0.461430
0.130620
0.122070
-0.139160
-0.408940
-0.306400
-0.292970
-0.322270
-0.072021
-0.028076
-0.037842
-0.018311
-0.040283
-0.001221
-0.093994
-0.040283
0.185550
0.257570
0.186770
0.048828
0.131840
0.323490
0.614010
0.601810
0.473630
0.483400
0.565190
0.625000
0.649410
0.633540
0.568850
0.427250
0.478520
0.433350
0.521240
0.505370
0.296630
0.402830
0.456540
0.349120
0.301510
0.156250
0.109860
0.117190
0.006104
-0.008545
-0.151370
-0.159910
-0.267330
-0.495610
-0.595700
-0.451660
-0.458980
-0.521240
-0.502930
-0.493160
-0.477290
-0.324710
-0.321040
-0.393070
-0.465090
-0.471190
-0.533450
-0.527340
-0.415040
-0.249020
-0.273440
-0.350340
-0.485840
-0.590820
-0.633540
-0.512700
-0.511470
-0.622560
-0.771480
-0.732420
-0.566410
-0.513920
-0.440670
-0.510250
-0.532230
-0.484620
-0.374760
-0.371090
-0.333250
-0.343020
-0.347900
-0.240480
-0.211180
-0.250240
-0.466310
-0.372310
-0.336910
-0.153810
-0.146480
-0.271000
-0.202640
-0.203860
-0.216060
-0.103760
-0.075684
-0.095215
-0.181880
-0.313720
-0.308840
-0.310060
-0.506590
-0.573730
-0.666500
-0.568850
-0.562740
-0.509030
-0.460210
-0.432130
-0.407710
-0.374760
-0.166020
-0.180660
-0.313720
-0.372310
-0.385740
-0.306400
-0.247800
-0.172120
-0.201420
-0.140380
-0.159910
-0.140380
-0.200200
-0.114750
-0.117190
-0.125730
-0.318600
-0.339360
-0.316160
-0.382080
-0.433350
-0.478520
-0.439450
-0.637210
-0.705570
-0.732420
-0.734860
-0.603030
-0.609130
-0.605470
-0.645750
-0.706790
-0.756840
-0.727540
-0.651860
-0.593260
-0.653080
-0.462650
-0.451660
-0.415040
-0.350340
-0.271000
-0.247800
-0.144040
-0.305180
-0.379640
-0.432130
-0.341800
-0.284420
-0.357670
-0.203860
-0.100100
-0.003662
0.125730
0.258790
0.361330
0.526120
0.483400
0.306400
0.018311
-0.083008
-0.078125
-0.021973
-0.018311
-0.087891
-0.047607
-0.010986
-0.026855
-0.036621
0.070801
0.162350
0.205080
0.093994
0.087891
0.120850
0.102540
0.225830
0.300290
0.168460
0.054932
0.106200
0.194090
0.275880
0.294190
0.230710
0.164790
0.090332
0.080566
0.133060
0.103760
0.058594
-0.009766
-0.062256
0.012207
0.126950
-0.014648
-0.062256
0.024414
0.067139
0.056152
0.162350
0.217290
0.190430
0.227050
0.340580
0.457760
0.479740
0.549320
0.747070
0.756840
0.749510
0.745850
0.664060
0.698240
0.705570
0.679930
0.535890
0.598140
0.656740
0.701900
0.535890
0.551760
0.596920
0.529790
0.512700
0.488280
0.354000
0.338130
0.218510
0.128170
0.152590
0.258790
0.231930
0.186770
0.148930
0.163570
0.059814
-0.135500
-0.106200
-0.145260
-0.271000
-0.286870
-0.125730
-0.153810
-0.300290
-0.244140
-0.148930
-0.085449
-0.092773
-0.078125
-0.123290
-0.069580
-0.018311
0.093994
0.468750
0.394290
0.169680
0.207520
0.388180
0.491940
0.388180
0.194090
0.134280
0.179440
0.164790
0.031738
-0.217290
-0.399170
-0.317380
-0.017090
0.134280
0.267330
0.424800
0.528560
0.290530
0.101320
0.131840
0.151370
0.081787
-0.002441
-0.072021
-0.050049
0.124510
0.238040
0.238040
0.242920
0.203860
0.057373
0.024414
-0.041504
-0.019531
0.059814
0.058594
0.086670
-0.072021
-0.028076
-0.004883
-0.153810
-0.108640
0.064697
-0.026855
-0.198970
-0.303960
-0.158690
-0.021973
-0.003662
-0.092773
-0.124510
-0.010986
0.064697
0.026855
-0.085449
-0.233150
-0.114750
-0.014648
0.059814
0.013428
0.032959
0.124510
0.043945
0.078125
0.086670
0.068359
-0.109860
-0.185550
-0.218510
-0.081787
-0.017090
-0.089111
-0.076904
-0.028076
-0.156250
-0.092773
-0.080566
-0.114750
-0.070801
0.006104
0.133060
0.189210
0.006104
-0.257570
-0.206300
-0.145260
-0.090332
-0.163570
-0.018311
-0.079346
-0.018311
0.021973
0.036621
-0.002441
-0.097656
-0.153810
-0.201420
-0.205080
-0.211180
-0.064697
