0.456540
0.318600
0.147710
0.130620
0.118410
0.045166
-0.017090
-0.026855
0.001221
-0.103760
-0.037842
-0.134280
-0.092773
-0.102540
-0.244140
-0.260010
-0.134280
0.284420
0.928960
1.116900
0.723880
0.482180
0.310060
0.288090
0.516360
0.448000
-0.010986
-0.200200
0.142820
0.345460
0.322270
0.560300
0.585940
0.506590
0.546880
0.334470
-0.093994
0.137940
0.380860
0.350340
0.321040
0.294190
0.267330
0.212400
0.263670
0.122070
-0.147710
-0.368650
-0.527340
-0.716550
-0.931400
-1.035200
-1.090100
-1.035200
-0.979000
-1.077900
-1.173100
-1.241500
-1.278100
-1.203600
-1.112100
-1.124300
-1.098600
-1.114500
-1.129200
-1.165800
-1.267100
-1.397700
-1.499000
-1.535600
-1.556400
-1.533200
-1.439200
-1.369600
-1.369600
-1.411100
-1.403800
-1.383100
-1.325700
-1.257300
-1.179200
-1.138900
-1.074200
-1.036400
-0.958250
-0.819090
-0.765380
-0.671390
-0.629880
-0.659180
-0.581050
-0.489500
-0.438230
-0.344240
-0.235600
-0.161130
-0.019531
-0.009766
0.061035
0.209960
0.478520
0.721440
1.065700
1.547900
1.950700
2.319300
2.745400
3.013900
2.981000
3.010300
2.943100
2.686800
2.580600
2.495100
2.365700
1.893300
1.427000
1.007100
0.905760
0.955810
0.640870
0.817870
1.062000
1.344000
1.534400
1.779800
1.912800
1.928700
1.877400
1.580800
1.428200
1.274400
1.208500
1.098600
1.109600
1.120600
1.081500
0.946040
0.823970
0.761720
0.671390
0.429690
0.305180
0.119630
-0.080566
-0.264890
-0.491940
-0.640870
-0.888670
-1.008300
-1.154800
-1.189000
-1.315900
-1.462400
-1.543000
-1.552700
-1.610100
-1.591800
-1.547900
-1.606400
-1.558800
-1.571000
-1.557600
-1.532000
-1.503900
-1.435500
-1.412400
-1.324500
-1.346400
-1.311000
-1.243900
-1.171900
-1.119400
-0.961910
-0.858150
-0.841060
-0.791020
-0.729980
-0.689700
-0.639650
-0.563960
-0.510250
-0.494380
-0.379640
-0.310060
-0.186770
-0.096436
-0.057373
-0.002441
0.072021
0.161130
0.286870
0.347900
0.426030
0.509030
0.589600
0.649410
0.765380
0.754390
0.850830
0.916750
1.101100
1.192600
1.207300
1.173100
1.171900
1.198700
1.297600
1.397700
1.387900
1.535600
1.850600
2.043500
2.188700
2.409700
2.503700
2.474400
2.513400
2.296100
2.003200
2.185100
2.020300
1.788300
1.751700
1.628400
1.383100
1.300000
1.286600
1.187700
0.859380
0.649410
0.539550
0.391850
0.284420
0.070801
-0.186770
-0.426030
-0.635990
-0.825200
-1.033900
-1.167000
-1.236600
-1.269500
-1.258500
-1.246300
-1.324500
-1.311000
-1.348900
-1.342800
-1.370800
-1.385500
-1.438000
-1.485600
-1.447800
-1.453900
-1.394000
-1.400100
-1.385500
-1.391600
-1.380600
-1.293900
-1.333000
-1.373300
-1.331800
-1.262200
-1.190200
-1.095000
-1.070600
-1.055900
-0.948490
-0.865480
-0.755620
-0.736080
-0.739750
-0.682370
-0.550540
-0.285640
-0.242920
-0.148930
0.000000
0.306400
0.426030
0.635990
1.033900
1.279300
1.522200
1.556400
1.621100
1.583300
1.492900
1.469700
1.303700
1.103500
0.863040
0.870360
0.917970
0.832520
0.804440
1.101100
1.037600
0.955810
0.898440
0.899660
0.793460
0.512700
0.048828
-0.056152
-0.120850
-0.050049
-0.140380
-0.125730
-0.014648
0.032959
-0.035400
-0.036621
-0.064697
-0.079346
-0.187990
-0.279540
-0.313720
-0.397950
-0.377200
-0.338130
-0.284420
-0.273440
-0.319820
-0.354000
-0.360110
-0.355220
-0.321040
-0.317380
-0.378420
-0.435790
-0.355220
-0.416260
-0.310060
-0.294190
-0.229490
-0.145260
-0.050049
-0.128170
-0.249020
-0.218510
-0.278320
-0.307620
-0.172120
-0.087891
0.043945
0.130620
0.167240
0.367430
0.778810
1.007100
0.799560
0.521240
0.397950
0.001221
-0.216060
-0.346680
-0.312500
-0.483400
-0.727540
-0.732420
-0.760500
-0.705570
-0.715330
-0.714110
-0.656740
-0.725100
-0.665280
-0.648190
-0.740970
-0.791020
-0.773930
-0.784910
-0.975340
-1.301300
-1.390400
-1.400100
-1.274400
-1.209700
-1.252400
-1.163300
-1.171900
-1.143800
-1.093800
-1.003400
-0.965580
-0.914310
-0.881350
-0.827640
-0.795900
-0.667720
-0.661620
-0.640870
-0.662840
-0.521240
-0.375980
-0.208740
-0.170900
-0.133060
-0.079346
-0.025635
0.104980
0.187990
0.203860
0.397950
0.504150
0.465090
0.544430
0.595700
0.623780
0.561520
0.571290
0.510250
0.415040
0.330810
0.258790
0.136720
0.212400
0.173340
0.064697
0.156250
0.249020
0.356450
0.278320
0.206300
0.152590
0.039063
-0.037842
-0.097656
-0.185550
-0.274660
-0.341800
-0.371090
-0.302730
-0.318600
-0.333250
-0.296630
-0.416260
-0.437010
-0.561520
-0.598140
-0.513920
-0.480960
-0.465090
-0.524900
-0.506590
-0.491940
-0.404050
-0.318600
-0.249020
-0.136720
0.122070
0.112300
0.180660
0.198970
0.140380
0.245360
0.456540
0.399170
0.406490
0.352780
0.416260
0.390630
0.338130
0.328370
0.179440
0.083008
0.017090
-0.021973
0.014648
0.048828
0.014648
0.017090
-0.048828
-0.114750
-0.054932
-0.157470
-0.195310
-0.083008
-0.164790
-0.084229
-0.123290
-0.306400
-0.205080
-0.014648
0.039063
-0.002441
-0.081787
-0.179440
0.010986
0.115970
0.074463
0.085449
-0.058594
-0.072021
0.002441
0.135500
0.294190
