-0.125730
-0.074463
-0.025635
-0.133060
-0.185550
-0.140380
-0.010986
0.078125
0.175780
0.273440
0.242920
0.164790
0.189210
0.152590
0.153810
0.095215
0.200200
0.571290
0.946040
1.272000
1.148700
1.042500
0.877690
0.773930
0.874020
0.722660
0.438230
0.195310
0.142820
0.412600
0.541990
0.618900
0.764160
0.677490
0.798340
0.793460
0.415040
0.213620
0.184330
0.200200
0.294190
0.148930
-0.010986
0.064697
0.196530
0.228270
0.159910
-0.147710
-0.377200
-0.565190
-0.772710
-0.800780
-0.727540
-0.743410
-0.766600
-0.788570
-0.844730
-0.906980
-0.937500
-1.059600
-1.165800
-1.201200
-1.197500
-1.180400
-1.191400
-1.170700
-1.169400
-1.300000
-1.361100
-1.378200
-1.363500
-1.325700
-1.355000
-1.286600
-1.290300
-1.281700
-1.330600
-1.221900
-1.218300
-1.206100
-1.143800
-1.098600
-1.107200
-1.074200
-1.043700
-0.938720
-0.865480
-0.760500
-0.668950
-0.598140
-0.476070
-0.449220
-0.394290
-0.335690
-0.283200
-0.202640
-0.129390
-0.074463
0.004883
0.078125
0.201420
0.434570
0.722660
1.108400
1.580800
1.833500
2.183800
2.506100
2.814900
2.999300
3.193400
2.941900
2.833300
2.608600
2.158200
2.026400
2.039800
1.666300
0.922850
0.806880
0.729980
0.688480
0.726320
0.938720
1.082800
1.228000
1.296400
1.489300
1.658900
1.834700
1.672400
1.523400
1.355000
1.200000
1.020500
0.839840
0.596920
0.472410
0.395510
0.178220
-0.085449
-0.183110
-0.217290
-0.311280
-0.518800
-0.720210
-0.852050
-0.939940
-1.009500
-1.065700
-1.107200
-1.228000
-1.269500
-1.197500
-1.123000
-1.168200
-1.190200
-1.193800
-1.241500
-1.239000
-1.179200
-1.168200
-1.073000
-1.036400
-1.014400
-0.933840
-0.889890
-0.802000
-0.736080
-0.759280
-0.714110
-0.649410
-0.557860
-0.480960
-0.358890
-0.278320
-0.235600
-0.177000
-0.136720
-0.052490
0.035400
0.064697
0.091553
0.190430
0.267330
0.435790
0.516360
0.485840
0.544430
0.565190
0.600590
0.729980
0.722660
0.751950
0.792240
0.888670
1.037600
1.137700
1.419700
1.696800
1.973900
2.014200
2.032500
2.004400
2.144800
2.011700
1.956800
1.735800
1.470900
1.394000
1.325700
1.409900
1.062000
0.714110
0.672610
0.618900
0.485840
0.333250
0.246580
0.130620
0.012207
-0.029297
-0.092773
-0.369870
-0.626220
-0.747070
-0.769040
-0.795900
-0.987550
-1.015600
-0.996090
-1.084000
-1.103500
-1.162100
-1.189000
-1.185300
-1.164600
-1.141400
-1.108400
-1.066900
-1.097400
-1.093800
-1.093800
-1.123000
-1.140100
-1.060800
-1.057100
-1.048600
-1.042500
-0.935060
-0.964360
-0.957030
-0.964360
-0.914310
-0.855710
-0.765380
-0.672610
-0.559080
-0.500490
-0.395510
-0.285640
-0.137940
-0.006104
0.187990
0.368650
0.749510
1.079100
1.247600
1.466100
1.262200
0.880130
0.782470
0.710450
0.875240
0.758060
0.622560
0.557860
0.728760
0.646970
0.601810
0.435790
0.274660
0.264890
0.126950
-0.133060
-0.218510
-0.183110
-0.101320
-0.155030
-0.197750
-0.284420
-0.371090
-0.474850
-0.634770
-0.729980
-0.812990
-0.908200
-0.955810
-1.047400
-1.176800
-1.276900
-1.200000
-1.147500
-1.009500
-0.950930
-0.964360
-1.062000
-1.106000
-1.086400
-1.024200
-0.920410
-0.799560
-0.754390
-0.644530
-0.594480
-0.523680
-0.487060
-0.433350
-0.452880
-0.450440
-0.334470
-0.219730
-0.140380
-0.047607
0.021973
-0.010986
-0.009766
0.078125
0.312500
0.394290
0.466310
0.446780
0.467530
0.407710
0.384520
0.311280
0.343020
0.340580
0.208740
0.106200
0.129390
0.288090
0.335690
0.255130
0.230710
0.190430
0.235600
0.219730
0.163570
0.151370
0.092773
0.087891
0.037842
-0.035400
-0.115970
-0.239260
-0.366210
-0.437010
-0.489500
-0.543210
-0.587160
-0.693360
-0.754390
-0.726320
-0.728760
-0.668950
-0.758060
-0.780030
-0.809330
-0.805660
-0.766600
-0.872800
-0.861820
-0.876460
-0.833740
-0.832520
-0.899660
-0.747070
-0.745850
-0.754390
-0.599370
-0.595700
-0.509030
-0.438230
-0.344240
-0.214840
-0.202640
-0.178220
-0.095215
-0.130620
-0.068359
0.090332
0.333250
0.574950
0.516360
0.374760
0.351560
0.324710
0.343020
0.256350
0.399170
0.266110
0.180660
0.102540
0.150150
0.433350
0.406490
0.329590
0.209960
0.246580
0.317380
0.366210
0.469970
0.413820
0.440670
0.494380
0.386960
0.253910
0.152590
0.122070
0.133060
-0.009766
-0.144040
-0.187990
-0.301510
-0.336910
-0.312500
-0.208740
-0.286870
-0.303960
-0.308840
-0.285640
-0.220950
-0.244140
-0.261230
-0.301510
-0.357670
-0.341800
-0.164790
-0.039063
0.129390
0.036621
0.030518
0.085449
0.093994
0.046387
0.002441
0.037842
-0.100100
-0.048828
0.062256
0.194090
0.205080
0.234380
0.361330
0.380860
0.428470
0.566410
0.618900
0.589600
0.432130
0.291750
0.422360
0.590820
0.761720
0.893550
0.732420
0.783690
0.703130
0.473630
0.538330
0.643310
0.596920
0.524900
0.567630
0.511470
0.675050
0.581050
0.509030
0.549320
0.484620
0.372310
0.262450
0.201420
0.164790
0.271000
0.244140
0.083008
-0.012207
-0.068359
0.018311
0.159910
0.155030
0.166020
0.279540
0.383300
0.260010
0.026855
-0.200200
-0.198970
