-0.085449
-0.148930
-0.170900
-0.095215
-0.092773
-0.074463
-0.051270
-0.080566
-0.045166
0.000000
0.075684
0.090332
0.115970
0.057373
-0.028076
-0.032959
0.161130
0.637210
0.969240
0.878910
0.860600
0.723880
0.677490
0.833740
0.684810
0.424800
0.235600
0.278320
0.330810
0.502930
0.554200
0.391850
0.297850
0.346680
0.457760
0.344240
0.075684
-0.096436
-0.050049
0.086670
-0.018311
-0.101320
-0.076904
-0.085449
-0.085449
-0.189210
-0.321040
-0.361330
-0.489500
-0.570070
-0.540770
-0.701900
-0.780030
-0.819090
-0.922850
-0.972900
-1.025400
-1.026600
-1.048600
-1.081500
-1.091300
-1.138900
-1.163300
-1.197500
-1.202400
-1.259800
-1.307400
-1.330600
-1.348900
-1.320800
-1.240200
-1.145000
-1.046100
-1.092500
-1.073000
-1.018100
-0.997310
-0.947270
-0.882570
-0.773930
-0.727540
-0.657960
-0.589600
-0.532230
-0.469970
-0.419920
-0.317380
-0.212400
-0.076904
-0.007324
0.057373
0.058594
0.106200
0.152590
0.129390
0.172120
0.247800
0.269780
0.350340
0.468750
0.622560
0.871580
1.191400
1.601600
2.120400
2.506100
2.841800
3.139600
3.214100
3.051800
3.032200
2.994400
2.939500
2.884500
2.906500
2.747800
2.334000
2.099600
1.683300
1.148700
0.770260
0.592040
0.250240
0.306400
0.482180
0.904540
1.223100
1.189000
1.258500
1.357400
1.539300
1.557600
1.516100
1.439200
1.207300
1.066900
0.972900
0.802000
0.590820
0.516360
0.346680
0.181880
-0.026855
-0.122070
-0.196530
-0.358890
-0.584720
-0.782470
-0.964360
-1.219500
-1.341600
-1.447800
-1.491700
-1.492900
-1.555200
-1.639400
-1.695600
-1.826200
-1.822500
-1.795700
-1.765100
-1.679700
-1.663800
-1.613800
-1.519800
-1.516100
-1.572300
-1.490500
-1.416000
-1.362300
-1.270800
-1.247600
-1.250000
-1.206100
-1.086400
-0.877690
-0.787350
-0.798340
-0.693360
-0.657960
-0.589600
-0.594480
-0.583500
-0.469970
-0.327150
-0.131840
-0.009766
0.075684
0.183110
0.263670
0.289310
0.418700
0.631100
0.611570
0.792240
0.986330
1.126700
1.318400
1.610100
1.960400
2.176500
2.359600
2.570800
2.691700
2.897900
2.686800
2.456100
2.199700
2.199700
1.915300
1.695600
1.480700
1.444100
1.342800
1.296400
1.293900
1.165800
1.158400
0.825200
0.454100
0.311280
-0.004883
-0.102540
-0.290530
-0.385740
-0.438230
-0.571290
-0.744630
-0.833740
-0.866700
-0.839840
-0.925290
-1.030300
-1.121800
-1.135300
-1.114500
-1.074200
-1.062000
-1.113300
-1.147500
-1.272000
-1.290300
-1.258500
-1.326900
-1.373300
-1.361100
-1.392800
-1.414800
-1.428200
-1.452600
-1.425800
-1.420900
-1.367200
-1.386700
-1.438000
-1.394000
-1.377000
-1.308600
-1.263400
-1.312300
-1.224400
-1.134000
-1.106000
-1.054700
-1.008300
-0.982670
-0.886230
-0.692140
-0.533450
-0.379640
-0.275880
-0.089111
0.250240
0.458980
0.643310
1.068100
1.263400
1.422100
1.750500
1.818800
1.821300
1.645500
1.628400
1.339100
1.250000
1.347700
1.519800
1.536900
1.456300
1.351300
0.917970
0.584720
0.654300
0.631100
0.455320
0.192870
0.147710
0.151370
0.051270
-0.041504
-0.241700
-0.506590
-0.631100
-0.710450
-0.742190
-0.747070
-0.787350
-0.794680
-0.764160
-0.817870
-0.942380
-1.085200
-1.075400
-1.184100
-1.195100
-1.154800
-1.145000
-1.162100
-1.217000
-1.303700
-1.307400
-1.313500
-1.208500
-1.167000
-1.095000
-1.084000
-1.054700
-1.042500
-0.920410
-0.839840
-0.821530
-0.698240
-0.639650
-0.572510
-0.540770
-0.473630
-0.422360
-0.335690
-0.378420
-0.319820
-0.257570
-0.290530
-0.269780
-0.289310
-0.184330
-0.059814
-0.018311
0.057373
0.194090
0.306400
0.435790
0.500490
0.623780
0.740970
0.888670
0.950930
1.068100
1.269500
1.561300
1.895800
2.028800
1.726100
1.364700
1.004600
1.079100
1.058300
0.961910
0.981450
0.921630
0.989990
1.209700
1.086400
0.939940
0.853270
0.556640
0.343020
0.047607
-0.147710
-0.191650
-0.130620
-0.129390
-0.152590
-0.288090
-0.448000
-0.548100
-0.672610
-0.676270
-0.755620
-0.762940
-0.758060
-0.710450
-0.780030
-0.913090
-0.885010
-0.852050
-0.754390
-0.715330
-0.614010
-0.490720
-0.522460
-0.427250
-0.460210
-0.397950
-0.396730
-0.416260
-0.390630
-0.334470
-0.352780
-0.301510
-0.183110
-0.086670
-0.003662
-0.119630
-0.015869
0.174560
0.032959
0.051270
-0.010986
-0.140380
-0.183110
-0.200200
-0.084229
-0.041504
-0.267330
-0.380860
-0.428470
-0.362550
-0.314940
-0.389400
-0.368650
-0.328370
-0.364990
-0.307620
-0.312500
-0.345460
-0.405270
-0.401610
-0.444340
-0.541990
-0.543210
-0.490720
-0.540770
-0.576170
-0.649410
-0.606690
-0.510250
-0.451660
-0.361330
-0.357670
-0.314940
-0.386960
-0.305180
-0.271000
-0.429690
-0.489500
-0.516360
-0.533450
-0.457760
-0.321040
-0.357670
-0.268550
-0.164790
-0.164790
-0.078125
-0.003662
0.062256
0.153810
0.249020
0.250240
0.233150
0.289310
0.285640
0.407710
0.345460
0.460210
0.617680
0.654300
0.640870
0.645750
0.451660
0.468750
0.573730
0.444340
0.389400
0.301510
0.252690
0.217290
0.123290
0.159910
0.240480
0.355220
0.518800
0.622560
0.566410
0.521240
0.509030
0.258790
0.158690
0.117190
0.031738
