0.280760
0.319820
0.306400
0.319820
0.499270
0.546880
0.432130
0.500490
0.445560
0.441890
0.474850
0.430910
0.466310
0.478520
0.496830
0.549320
0.463870
0.440670
0.609130
1.118200
1.644300
1.839600
1.750500
1.455100
1.623500
1.669900
1.363500
0.834960
0.328370
-0.136720
-0.334470
-0.128170
0.184330
0.189210
0.346680
0.235600
-0.047607
-0.271000
-0.372310
-0.223390
-0.034180
0.183110
0.153810
0.057373
0.144040
0.269780
0.194090
0.031738
-0.247800
-0.488280
-0.633540
-0.711670
-0.711670
-0.782470
-0.826420
-0.809330
-0.863040
-1.065700
-1.250000
-1.286600
-1.308600
-1.304900
-1.223100
-1.192600
-1.169400
-1.204800
-1.165800
-1.180400
-1.192600
-1.184100
-1.182900
-1.159700
-1.190200
-1.181600
-1.156000
-1.162100
-1.135300
-1.099900
-1.063200
-0.982670
-0.948490
-0.965580
-0.936280
-0.937500
-0.920410
-0.858150
-0.784910
-0.686040
-0.611570
-0.523680
-0.443120
-0.450440
-0.469970
-0.323490
-0.234380
-0.234380
-0.207520
-0.172120
-0.106200
-0.019531
0.118410
0.343020
0.817870
1.414800
2.006800
2.346200
2.583000
2.691700
2.696500
2.711200
2.707500
2.607400
2.601300
2.627000
2.515900
2.265600
2.052000
2.097200
1.878700
1.795700
1.563700
1.455100
1.208500
1.228000
1.212200
1.008300
0.698240
0.498050
0.141600
-0.111080
-0.324710
-0.405270
-0.308840
-0.196530
-0.018311
-0.108640
-0.119630
-0.075684
0.147710
0.303960
0.302730
0.325930
0.296630
0.288090
0.479740
0.516360
0.483400
0.364990
0.578610
0.452880
0.329590
0.511470
0.300290
0.364990
0.474850
0.235600
-0.023193
0.006104
0.283200
0.223390
0.144040
0.102540
0.095215
0.010986
-0.056152
-0.129390
-0.045166
0.007324
0.009766
-0.217290
-0.196530
-0.170900
-0.174560
-0.198970
-0.240480
-0.158690
-0.074463
-0.145260
-0.157470
-0.018311
-0.006104
0.115970
0.318600
0.301510
0.295410
0.329590
0.332030
0.390630
0.335690
0.295410
0.203860
0.057373
-0.118410
-0.208740
-0.285640
-0.161130
-0.089111
-0.227050
-0.166020
-0.037842
-0.030518
-0.122070
-0.192870
-0.178220
-0.045166
-0.053711
-0.073242
-0.108640
-0.048828
-0.163570
-0.161130
-0.201420
-0.281980
-0.346680
-0.454100
-0.579830
-0.662840
-0.764160
-0.816650
-0.804440
-0.838620
-0.867920
-0.810550
-0.839840
-0.950930
-0.891110
-0.892330
-0.941160
-0.989990
-1.047400
-1.070600
-0.958250
-0.905760
-0.946040
-0.938720
-0.991210
-1.070600
-0.974120
-0.892330
-0.864260
-0.704350
-0.672610
-0.510250
-0.363770
-0.344240
-0.269780
-0.235600
-0.146480
-0.004883
0.010986
-0.046387
0.032959
0.162350
0.335690
0.433350
0.489500
0.568850
0.588380
0.532230
0.726320
0.775150
0.697020
0.676270
0.682370
0.728760
0.827640
0.710450
0.590820
0.690920
0.671390
0.697020
0.754390
0.759280
0.745850
0.795900
0.690920
0.538330
0.450440
0.469970
0.395510
0.336910
0.358890
0.334470
0.407710
0.213620
0.035400
-0.064697
-0.058594
-0.056152
-0.087891
-0.085449
-0.228270
-0.158690
-0.100100
-0.150150
-0.245360
-0.468750
-0.468750
-0.544430
-0.732420
-0.717770
-0.753170
-0.852050
-0.986330
-1.103500
-1.148700
-1.158400
-1.158400
-1.203600
-1.181600
-1.202400
-1.215800
-1.196300
-1.292700
-1.270800
-1.273200
-1.184100
-1.121800
-1.080300
-1.022900
-0.998540
-1.041300
-0.955810
-0.888670
-0.844730
-0.743410
-0.633540
-0.584720
-0.570070
-0.488280
-0.518800
-0.458980
-0.401610
-0.329590
-0.258790
-0.314940
-0.190430
-0.069580
-0.028076
-0.029297
-0.047607
-0.001221
0.069580
0.147710
0.167240
0.169680
0.212400
0.310060
0.379640
0.433350
0.485840
0.513920
0.573730
0.592040
0.598140
0.512700
0.596920
0.701900
0.709230
0.753170
0.737300
0.794680
0.804440
0.832520
0.794680
0.827640
0.836180
0.961910
1.057100
1.125500
1.164600
1.257300
1.251200
1.336700
1.561300
1.888400
2.332800
2.915000
3.298300
2.979700
2.242400
2.164300
1.928700
1.673600
1.770000
1.709000
1.782200
1.971400
2.164300
2.375500
2.430400
2.019000
1.634500
1.588100
1.268300
1.053500
0.955810
1.012000
0.999760
0.850830
0.631100
0.424800
0.324710
0.311280
0.478520
0.367430
0.040283
-0.146480
-0.067139
0.007324
-0.249020
-0.632320
-0.616460
-0.600590
-0.583500
-0.627440
-0.625000
-0.664060
-0.769040
-0.892330
-0.998540
-0.896000
-0.965580
-0.775150
-0.491940
-0.543210
-0.616460
-0.539550
-0.576170
-0.646970
-0.695800
-0.833740
-0.797120
-0.800780
-0.767820
-0.699460
-0.603030
-0.565190
-0.578610
-0.600590
-0.692140
-0.708010
-0.704350
-0.759280
-0.837400
-0.924070
-0.876460
-0.732420
-0.661620
-0.483400
-0.450440
-0.612790
-0.734860
-0.717770
-0.611570
-0.620120
-0.517580
-0.446780
-0.389400
-0.400390
-0.681150
-0.860600
-0.754390
-0.961910
-0.935060
-0.828860
-0.865480
-0.921630
-0.831300
-0.611570
-0.368650
-0.174560
-0.120850
-0.194090
-0.207520
-0.148930
-0.120850
-0.074463
-0.224610
-0.357670
-0.386960
-0.434570
-0.493160
-0.551760
-0.449220
-0.295410
-0.299070
-0.367430
-0.449220
-0.332030
-0.428470
-0.476070
-0.482180
-0.482180
-0.522460
-0.712890
-0.788570
-0.600590
-0.650630
-0.759280
