-0.179440
-0.238040
-0.185550
-0.070801
0.032959
0.072021
0.023193
-0.072021
-0.056152
0.004883
-0.010986
-0.130620
-0.175780
-0.213620
0.010986
0.003662
0.092773
0.427250
0.827640
0.734860
0.609130
0.545650
0.571290
0.660400
0.471190
0.333250
0.443120
0.234380
0.218510
0.289310
0.544430
0.561520
0.776370
0.601810
0.510250
0.316160
0.130620
0.140380
0.068359
-0.139160
-0.039063
-0.051270
0.093994
0.219730
0.139160
0.083008
-0.095215
-0.222170
-0.329590
-0.502930
-0.576170
-0.654300
-0.754390
-0.837400
-0.860600
-0.915530
-1.032700
-1.069300
-1.148700
-1.184100
-1.174300
-1.163300
-1.137700
-1.101100
-1.101100
-1.070600
-1.112100
-1.136500
-1.088900
-1.103500
-1.065700
-1.033900
-1.014400
-0.998540
-1.041300
-0.988770
-0.961910
-0.936280
-0.877690
-0.788570
-0.788570
-0.645750
-0.649410
-0.617680
-0.534670
-0.456540
-0.424800
-0.345460
-0.296630
-0.186770
-0.140380
-0.124510
-0.131840
-0.096436
-0.046387
0.037842
0.089111
0.158690
0.324710
0.421140
0.578610
0.930180
1.370800
1.829800
2.220500
2.387700
2.666000
2.738000
2.888200
2.932100
2.866200
2.619600
2.595200
2.525600
2.216800
2.179000
1.916500
1.409900
1.014400
0.534670
0.159910
-0.091553
0.091553
0.639650
0.646970
0.510250
1.003400
1.308600
1.503900
1.597900
1.583300
1.411100
1.182900
1.035200
0.886230
0.773930
0.480960
0.214840
0.018311
-0.139160
-0.300290
-0.394290
-0.493160
-0.628660
-0.758060
-0.861820
-0.913090
-0.971680
-1.037600
-1.106000
-1.147500
-1.070600
-1.101100
-1.142600
-1.170700
-1.230500
-1.196300
-1.135300
-1.110800
-1.152300
-1.119400
-1.068100
-1.037600
-1.020500
-0.982670
-0.888670
-0.822750
-0.710450
-0.646970
-0.573730
-0.505370
-0.478520
-0.393070
-0.372310
-0.388180
-0.371090
-0.272220
-0.197750
-0.079346
0.062256
0.148930
0.206300
0.338130
0.434570
0.494380
0.550540
0.662840
0.743410
0.822750
1.005900
1.204800
1.236600
1.297600
1.403800
1.513700
1.580800
1.468500
1.347700
1.391600
1.259800
1.016800
1.013200
1.008300
0.910640
1.140100
1.079100
0.977780
0.819090
0.881350
0.853270
0.994870
0.766600
0.375980
0.289310
0.476070
0.389400
0.135500
0.062256
-0.010986
-0.163570
-0.231930
-0.339360
-0.534670
-0.695800
-0.731200
-0.795900
-0.794680
-0.872800
-0.915530
-0.964360
-0.986330
-0.976560
-0.958250
-0.938720
-0.946040
-0.814210
-0.838620
-0.839840
-0.816650
-0.744630
-0.617680
-0.517580
-0.488280
-0.627440
-0.697020
-0.688480
-0.684810
-0.645750
-0.628660
-0.614010
-0.650630
-0.656740
-0.678710
-0.567630
-0.478520
-0.496830
-0.426030
-0.383300
-0.363770
-0.137940
0.053711
0.219730
0.395510
0.637210
0.673830
0.776370
0.764160
0.697020
0.471190
0.402830
0.391850
0.358890
0.440670
0.374760
0.556640
0.637210
0.742190
0.672610
0.444340
0.256350
0.117190
0.093994
0.062256
-0.056152
-0.180660
-0.140380
-0.233150
-0.357670
-0.378420
-0.418700
-0.469970
-0.427250
-0.510250
-0.596920
-0.620120
-0.671390
-0.755620
-0.891110
-0.939940
-0.958250
-0.939940
-0.936280
-0.896000
-0.833740
-0.782470
-0.708010
-0.682370
-0.660400
-0.706790
-0.675050
-0.688480
-0.694580
-0.695800
-0.756840
-0.806880
-0.809330
-0.828860
-0.699460
-0.628660
-0.500490
-0.318600
-0.222170
-0.064697
-0.100100
-0.206300
-0.185550
-0.059814
0.003662
0.129390
0.003662
0.300290
0.485840
0.363770
0.385740
0.341800
0.274660
0.234380
0.225830
0.177000
0.095215
0.150150
0.064697
-0.123290
-0.179440
-0.191650
-0.252690
-0.361330
-0.529790
-0.661620
-0.589600
-0.498050
-0.487060
-0.439450
-0.423580
-0.291750
-0.345460
-0.190430
-0.239260
-0.262450
-0.347900
-0.361330
-0.373540
-0.302730
-0.306400
-0.406490
-0.427250
-0.349120
-0.372310
-0.427250
-0.421140
-0.396730
-0.489500
-0.570070
-0.509030
-0.592040
-0.632320
-0.603030
-0.540770
-0.521240
-0.607910
-0.631100
-0.551760
-0.458980
-0.302730
-0.208740
-0.238040
-0.349120
-0.291750
-0.185550
-0.196530
-0.158690
-0.129390
0.013428
-0.002441
-0.034180
0.042725
0.108640
0.161130
0.153810
0.281980
0.466310
0.457760
0.500490
0.789790
1.043700
1.063200
1.055900
1.046100
1.047400
1.130400
1.149900
1.062000
0.921630
0.898440
0.874020
0.781250
0.775150
0.708010
0.765380
0.782470
0.861820
0.798340
0.755620
0.742190
0.610350
0.568850
0.579830
0.456540
0.336910
0.231930
0.123290
0.017090
-0.080566
-0.153810
-0.216060
-0.194090
-0.148930
-0.134280
-0.078125
-0.059814
0.002441
-0.037842
-0.037842
0.013428
-0.054932
-0.103760
-0.014648
-0.104980
-0.173340
-0.140380
-0.050049
-0.020752
0.026855
0.236820
0.244140
0.196530
0.306400
0.281980
0.075684
0.059814
0.006104
-0.111080
-0.024414
-0.030518
-0.036621
0.003662
0.103760
0.041504
-0.146480
-0.186770
-0.213620
-0.087891
-0.100100
-0.081787
-0.120850
-0.031738
-0.023193
-0.102540
-0.257570
-0.190430
0.010986
0.098877
0.054932
0.007324
0.030518
-0.029297
-0.090332
0.015869
-0.015869
0.007324
0.059814
0.117190
0.229490
0.150150
0.172120
0.220950
0.147710
0.102540
-0.053711
-0.004883
