-0.169680
-0.078125
-0.075684
-0.013428
0.124510
0.236820
0.264890
0.266110
0.281980
0.230710
0.218510
0.130620
0.189210
0.190430
0.097656
-0.014648
-0.046387
0.229490
0.520020
0.592040
0.532230
0.313720
0.175780
0.231930
0.288090
0.186770
-0.150150
-0.103760
0.043945
0.184330
0.441890
0.576170
0.487060
0.246580
0.355220
0.332030
0.002441
-0.073242
-0.095215
-0.061035
0.070801
0.119630
0.151370
0.249020
0.178220
-0.147710
-0.175780
-0.184330
-0.401610
-0.540770
-0.573730
-0.782470
-0.921630
-0.900880
-1.015600
-1.012000
-0.996090
-1.368400
-1.411100
-1.398900
-1.344000
-1.270800
-1.234100
-1.167000
-1.173100
-1.252400
-1.246300
-1.236600
-1.190200
-1.195100
-1.237800
-1.210900
-1.186500
-1.120600
-1.099900
-1.071800
-1.012000
-0.976560
-0.921630
-0.866700
-0.847170
-0.828860
-0.806880
-0.786130
-0.744630
-0.614010
-0.521240
-0.406490
-0.363770
-0.369870
-0.281980
-0.285640
-0.246580
-0.251460
-0.223390
-0.150150
-0.118410
-0.047607
0.058594
0.187990
0.291750
0.406490
0.642090
0.977780
1.499000
2.014200
2.515900
2.720900
2.948000
3.034700
2.959000
2.786900
2.574500
2.502400
2.572000
2.459700
2.268100
2.222900
1.987300
1.771200
1.743200
1.401400
1.121800
1.033900
0.749510
0.286870
-0.019531
0.087891
0.344240
0.653080
0.800780
0.900880
1.021700
1.385500
1.595500
1.721200
1.651600
1.488000
1.220700
1.012000
0.718990
0.554200
0.494380
0.423580
0.164790
-0.045166
-0.194090
-0.354000
-0.522460
-0.634770
-0.732420
-0.828860
-0.970460
-1.027800
-1.148700
-1.285400
-1.342800
-1.390400
-1.422100
-1.450200
-1.398900
-1.362300
-1.402600
-1.391600
-1.472200
-1.374500
-1.329300
-1.325700
-1.228000
-1.247600
-1.256100
-1.210900
-1.181600
-1.092500
-1.066900
-0.983890
-0.903320
-0.881350
-0.764160
-0.709230
-0.733640
-0.628660
-0.460210
-0.474850
-0.411380
-0.308840
-0.181880
-0.152590
-0.096436
-0.047607
0.119630
0.179440
0.216060
0.256350
0.307620
0.374760
0.369870
0.382080
0.415040
0.546880
0.694580
0.732420
0.792240
0.881350
1.048600
1.231700
1.447800
1.532000
1.591800
1.658900
1.795700
1.977500
1.948200
1.849400
1.757800
1.695600
1.374500
1.339100
1.272000
1.345200
1.538100
1.341600
1.323200
1.323200
1.439200
1.447800
1.359900
1.224400
1.041300
0.754390
0.690920
0.628660
0.391850
0.156250
0.048828
-0.083008
-0.266110
-0.394290
-0.455320
-0.572510
-0.611570
-0.598140
-0.708010
-0.839840
-0.898440
-0.844730
-0.892330
-1.046100
-1.174300
-1.247600
-1.276900
-1.319600
-1.322000
-1.328100
-1.323200
-1.270800
-1.193800
-1.151100
-1.173100
-1.145000
-1.138900
-1.156000
-1.129200
-1.055900
-1.151100
-1.200000
-1.234100
-1.167000
-1.142600
-1.136500
-1.077900
-0.986330
-0.986330
-0.959470
-0.885010
-0.797120
-0.805660
-0.778810
-0.695800
-0.599370
-0.520020
-0.362550
-0.223390
-0.087891
0.008545
0.122070
0.275880
0.426030
0.610350
0.863040
1.003400
1.311000
1.517300
1.685800
1.674800
1.712600
1.517300
1.364700
1.295200
0.871580
0.739750
0.544430
0.601810
0.682370
0.622560
0.573730
0.462650
0.521240
0.571290
0.471190
0.299070
0.233150
0.090332
-0.025635
-0.035400
-0.050049
-0.155030
-0.240480
-0.211180
-0.263670
-0.280760
-0.340580
-0.478520
-0.472410
-0.340580
-0.306400
-0.306400
-0.319820
-0.362550
-0.303960
-0.195310
-0.156250
-0.098877
-0.191650
-0.278320
-0.351560
-0.395510
-0.382080
-0.439450
-0.531010
-0.621340
-0.664060
-0.782470
-0.825200
-0.921630
-0.991210
-0.911870
-0.900880
-0.986330
-1.087600
-1.170700
-1.221900
-1.270800
-1.335400
-1.350100
-1.357400
-1.273200
-1.262200
-1.281700
-1.289100
-1.298800
-1.230500
-1.154800
-1.124300
-1.062000
-0.971680
-0.921630
-0.850830
-0.793460
-0.733640
-0.617680
-0.539550
-0.467530
-0.354000
-0.187990
-0.010986
0.092773
0.257570
0.338130
0.526120
0.668950
0.803220
1.062000
1.311000
1.370800
1.368400
1.442900
1.398900
1.395300
1.357400
1.087600
0.985110
1.051000
1.224400
0.930180
0.738530
0.690920
0.477290
0.174560
0.208740
0.124510
-0.032959
-0.024414
0.214840
0.500490
0.661620
0.639650
0.842290
0.664060
0.520020
0.509030
0.504150
0.407710
0.461430
0.451660
0.355220
0.291750
0.333250
0.229490
0.131840
0.080566
-0.012207
-0.083008
-0.164790
-0.100100
-0.202640
-0.378420
-0.408940
-0.473630
-0.543210
-0.529790
-0.583500
-0.664060
-0.639650
-0.620120
-0.645750
-0.637210
-0.706790
-0.748290
-0.772710
-0.798340
-0.676270
-0.535890
-0.434570
-0.452880
-0.406490
-0.406490
-0.407710
-0.397950
-0.390630
-0.303960
-0.184330
-0.133060
-0.102540
-0.004883
0.065918
0.118410
0.247800
0.441890
0.446780
0.494380
0.524900
0.643310
0.865480
0.898440
0.971680
1.109600
1.096200
1.093800
1.085200
0.963130
0.922850
0.820310
0.842290
0.892330
0.722660
0.703130
0.788570
0.794680
0.734860
0.528560
0.344240
0.194090
0.043945
-0.042725
-0.161130
-0.354000
-0.532230
-0.593260
-0.563960
-0.546880
-0.609130
-0.582280
-0.578610
-0.582280
-0.572510
-0.562740
-0.522460
-0.480960
-0.535890
