0.063477
0.140380
0.321040
0.126950
0.043945
-0.043945
-0.006104
-0.063477
-0.122070
-0.140380
-0.144040
-0.136720
-0.059814
-0.058594
-0.035400
0.222170
0.676270
0.843510
0.699460
0.595700
0.362550
0.361330
0.429690
0.106200
-0.179440
-0.024414
-0.111080
0.041504
0.228270
0.104980
0.343020
0.452880
0.555420
0.336910
0.095215
0.047607
-0.090332
-0.030518
0.162350
0.245360
0.144040
0.119630
0.043945
0.084229
-0.064697
-0.076904
-0.313720
-0.399170
-0.460210
-0.653080
-0.684810
-0.666500
-0.704350
-0.777590
-0.904540
-0.986330
-0.987550
-1.076700
-1.151100
-1.165800
-1.141400
-1.121800
-1.104700
-1.115700
-1.190200
-1.303700
-1.392800
-1.401400
-1.512500
-1.479500
-1.434300
-1.416000
-1.423300
-1.403800
-1.424600
-1.342800
-1.322000
-1.346400
-1.304900
-1.258500
-1.221900
-1.140100
-1.071800
-0.976560
-0.871580
-0.803220
-0.706790
-0.642090
-0.568850
-0.554200
-0.488280
-0.419920
-0.369870
-0.318600
-0.168460
-0.130620
-0.006104
0.092773
0.122070
0.190430
0.302730
0.584720
1.058300
1.532000
1.832300
2.221700
2.652600
2.961400
2.918700
2.801500
2.553700
2.406000
2.196000
2.150900
1.960400
1.910400
1.729700
1.822500
1.698000
1.433100
0.989990
0.515140
0.196530
0.074463
-0.076904
-0.032959
0.247800
0.769040
1.276900
1.484400
1.490500
1.623500
1.812700
1.707800
1.607700
1.475800
1.326900
1.115700
0.888670
0.737300
0.709230
0.726320
0.671390
0.841060
0.831300
0.701900
0.710450
0.639650
0.427250
0.194090
0.111080
0.092773
0.069580
-0.113530
-0.341800
-0.435790
-0.462650
-0.545650
-0.723880
-0.922850
-1.046100
-1.125500
-1.108400
-1.162100
-1.098600
-1.153600
-1.318400
-1.477100
-1.577100
-1.717500
-1.788300
-1.807900
-1.766400
-1.682100
-1.649200
-1.588100
-1.577100
-1.510000
-1.512500
-1.406300
-1.301300
-1.203600
-1.101100
-1.082800
-1.063200
-0.988770
-0.993650
-0.870360
-0.738530
-0.682370
-0.622560
-0.489500
-0.393070
-0.372310
-0.272220
-0.179440
-0.184330
-0.045166
0.125730
0.212400
0.273440
0.310060
0.385740
0.528560
0.571290
0.616460
0.799560
1.071800
1.184100
1.284200
1.372100
1.586900
1.792000
1.966600
1.882300
1.897000
1.745600
1.743200
1.784700
1.745600
1.494100
1.616200
1.616200
1.436800
1.380600
1.309800
1.167000
1.120600
0.917970
0.682370
0.612790
0.529790
0.380860
0.122070
-0.054932
-0.109860
-0.261230
-0.487060
-0.621340
-0.740970
-0.880130
-0.994870
-1.126700
-1.185300
-1.264600
-1.236600
-1.242700
-1.242700
-1.235400
-1.230500
-1.229200
-1.221900
-1.191400
-1.197500
-1.279300
-1.298800
-1.270800
-1.285400
-1.231700
-1.121800
-1.132800
-1.116900
-1.115700
-1.092500
-1.080300
-1.040000
-1.119400
-1.113300
-1.101100
-1.057100
-0.988770
-0.911870
-0.853270
-0.836180
-0.837400
-0.767820
-0.704350
-0.650630
-0.583500
-0.498050
-0.389400
-0.316160
-0.264890
-0.179440
-0.112300
-0.007324
0.115970
0.180660
0.274660
0.477290
0.617680
0.778810
0.836180
0.894780
1.020500
1.141400
1.407500
1.634500
1.868900
1.983600
2.087400
2.127700
2.205800
2.074000
1.726100
1.505100
1.502700
1.413600
1.538100
1.713900
1.735800
1.745600
1.888400
1.597900
1.098600
1.042500
1.069300
0.792240
0.626220
0.626220
0.670170
0.750730
0.675050
0.559080
0.496830
0.427250
0.256350
0.081787
0.090332
0.076904
0.213620
0.278320
0.086670
-0.021973
0.004883
0.043945
0.001221
-0.147710
-0.174560
-0.286870
-0.338130
-0.423580
-0.457760
-0.460210
-0.640870
-0.761720
-0.826420
-0.894780
-0.957030
-1.052200
-1.113300
-1.212200
-1.307400
-1.417200
-1.455100
-1.490500
-1.573500
-1.574700
-1.606400
-1.646700
-1.589400
-1.602800
-1.616200
-1.589400
-1.558800
-1.524700
-1.469700
-1.417200
-1.414800
-1.367200
-1.306200
-1.223100
-1.142600
-1.058300
-0.994870
-0.964360
-0.969240
-0.894780
-0.845950
-0.844730
-0.795900
-0.650630
-0.549320
-0.478520
-0.439450
-0.374760
-0.292970
-0.206300
-0.172120
-0.079346
-0.080566
-0.031738
0.019531
0.158690
0.206300
0.185550
0.224610
0.383300
0.501710
0.643310
0.791020
1.080300
1.390400
1.367200
1.259800
1.086400
0.812990
0.709230
1.127900
1.560100
1.783400
1.966600
2.359600
2.606200
2.722200
2.591600
2.157000
1.745600
1.724900
1.669900
1.600300
1.434300
1.364700
1.229200
1.191400
0.972900
0.635990
0.288090
0.223390
0.114750
0.148930
0.140380
0.048828
-0.046387
-0.115970
-0.212400
-0.299070
-0.330810
-0.346680
-0.251460
-0.131840
-0.125730
-0.120850
-0.256350
-0.236820
-0.263670
-0.308840
-0.335690
-0.354000
-0.289310
-0.263670
-0.321040
-0.537110
-0.565190
-0.589600
-0.417480
-0.423580
-0.399170
-0.443120
-0.567630
-0.648190
-0.596920
-0.534670
-0.544430
-0.433350
-0.361330
-0.201420
-0.271000
-0.212400
-0.084229
-0.063477
-0.020752
-0.098877
-0.415040
-0.584720
-0.552980
-0.444340
-0.371090
-0.509030
-0.495610
-0.330810
-0.220950
-0.236820
-0.262450
-0.255130
-0.332030
-0.366210
-0.363770
-0.560300
-0.543210
-0.548100
-0.588380
-0.620120
-0.699460
-0.817870
-0.941160
-1.025400
-1.096200
-0.999760
-0.902100
