0.063477
0.175780
0.196530
0.205080
0.036621
-0.024414
-0.064697
-0.156250
-0.183110
-0.168460
-0.175780
-0.194090
-0.141600
-0.002441
0.024414
-0.052490
0.074463
0.401610
0.684810
0.541990
0.028076
-0.128170
0.017090
0.081787
0.123290
-0.028076
-0.047607
-0.095215
0.047607
0.093994
0.067139
0.191650
0.164790
-0.004883
0.056152
0.068359
0.012207
-0.123290
-0.126950
-0.023193
0.056152
0.172120
0.178220
0.250240
0.410160
0.587160
0.524900
0.433350
0.272220
0.133060
-0.152590
-0.242920
-0.207520
-0.181880
-0.147710
-0.046387
0.000000
-0.040283
-0.031738
-0.059814
-0.372310
-0.467530
-0.347900
-0.269780
-0.211180
-0.163570
-0.131840
-0.200200
-0.338130
-0.402830
-0.472410
-0.571290
-0.670170
-0.609130
-0.535890
-0.629880
-0.466310
-0.173340
0.230710
0.583500
0.407710
0.073242
0.130620
0.252690
0.279540
0.263670
0.150150
0.161130
0.085449
-0.129390
-0.284420
-0.227050
-0.202640
-0.052490
-0.147710
-0.145260
-0.144040
-0.170900
-0.002441
0.053711
0.084229
0.137940
0.238040
0.144040
0.103760
0.372310
0.750730
0.650630
0.583500
0.344240
0.255130
0.106200
-0.180660
-0.087891
-0.108640
-0.013428
-0.059814
-0.238040
-0.319820
-0.303960
-0.142820
0.191650
0.583500
0.520020
0.313720
0.362550
0.385740
0.406490
0.579830
0.592040
0.422360
0.316160
0.312500
0.344240
0.272220
0.285640
0.115970
0.024414
0.074463
0.083008
0.218510
0.297850
0.172120
0.039063
0.085449
0.020752
-0.048828
-0.028076
0.046387
0.090332
0.164790
0.275880
-0.131840
-0.297850
-0.457760
-0.610350
-0.550540
-0.455320
-0.323490
-0.158690
-0.122070
0.035400
0.244140
0.350340
-0.051270
-0.253910
-0.205080
-0.168460
-0.125730
-0.106200
-0.047607
0.043945
-0.097656
-0.037842
0.079346
0.090332
0.129390
0.238040
0.476070
0.472410
0.213620
-0.278320
-0.606690
-0.734860
-0.598140
-0.551760
-0.505370
-0.390630
-0.258790
-0.185550
-0.072021
-0.114750
-0.201420
-0.302730
-0.357670
-0.288090
-0.274660
-0.294190
-0.177000
-0.004883
-0.040283
-0.197750
-0.583500
-0.826420
-0.738530
-0.478520
-0.083008
0.124510
0.184330
0.183110
0.202640
0.386960
0.357670
0.260010
0.294190
0.218510
0.164790
-0.024414
-0.100100
-0.245360
-0.498050
-0.445560
-0.383300
-0.216060
0.002441
0.100100
0.021973
0.020752
0.286870
0.434570
0.354000
0.225830
0.133060
0.012207
-0.124510
-0.250240
-0.341800
-0.438230
-0.573730
-0.509030
-0.306400
-0.144040
0.074463
0.404050
0.445560
0.380860
0.253910
0.028076
-0.074463
-0.070801
-0.001221
-0.051270
-0.030518
0.068359
0.156250
0.008545
0.091553
0.108640
-0.029297
-0.284420
-0.053711
0.207520
0.340580
0.284420
0.203860
0.192870
0.303960
0.339360
0.338130
-0.052490
-0.561520
-0.589600
-0.245360
-0.081787
-0.023193
0.065918
0.313720
0.318600
0.299070
0.366210
0.274660
0.056152
-0.070801
-0.076904
0.021973
0.093994
0.258790
0.113530
-0.032959
-0.168460
-0.319820
-0.451660
-0.316160
-0.139160
-0.125730
-0.086670
0.150150
0.236820
0.246580
0.213620
0.228270
0.119630
0.007324
0.032959
0.131840
-0.002441
-0.012207
0.079346
0.177000
0.220950
0.168460
0.222170
0.346680
0.295410
0.350340
0.384520
0.245360
0.172120
0.224610
0.213620
0.111080
0.152590
0.189210
-0.050049
-0.089111
-0.013428
0.043945
0.084229
0.134280
0.338130
0.585940
0.705570
0.756840
0.628660
0.438230
0.164790
-0.202640
-0.314940
-0.299070
-0.386960
-0.362550
-0.290530
-0.249020
-0.054932
0.140380
0.382080
0.350340
0.084229
0.014648
0.032959
-0.175780
-0.345460
-0.264890
-0.191650
-0.104980
0.032959
0.078125
0.252690
0.380860
0.461430
0.421140
0.252690
0.201420
0.155030
0.106200
0.031738
0.010986
0.051270
0.207520
0.329590
0.318600
0.172120
0.037842
-0.041504
-0.014648
0.010986
0.085449
0.076904
0.148930
0.191650
0.336910
0.469970
0.546880
0.480960
0.279540
0.146480
0.119630
0.074463
-0.086670
-0.037842
-0.037842
-0.161130
-0.177000
0.042725
0.256350
0.317380
0.152590
0.040283
-0.004883
0.013428
0.191650
-0.017090
-0.119630
-0.139160
-0.150150
-0.168460
-0.252690
-0.244140
-0.347900
-0.325930
-0.043945
0.178220
0.187990
0.084229
-0.057373
-0.375980
-0.493160
-0.369870
-0.281980
-0.119630
0.179440
0.235600
0.095215
0.227050
0.380860
0.279540
0.178220
-0.010986
-0.053711
-0.177000
-0.325930
-0.366210
-0.290530
-0.277100
-0.140380
-0.115970
-0.134280
-0.236820
-0.173340
-0.012207
-0.168460
-0.345460
-0.435790
-0.576170
-0.675050
-0.671390
-0.635990
-0.548100
-0.441890
-0.361330
-0.268550
-0.124510
0.015869
0.115970
0.136720
0.205080
0.219730
0.086670
0.015869
-0.084229
-0.219730
-0.266110
-0.239260
-0.240480
-0.279540
-0.213620
-0.303960
-0.491940
-0.496830
-0.340580
-0.286870
-0.269780
-0.301510
-0.185550
-0.025635
0.012207
-0.015869
-0.087891
-0.286870
-0.345460
-0.372310
-0.323490
-0.195310
-0.167240
-0.141600
-0.126950
-0.117190
-0.114750
-0.113530
-0.057373
-0.007324
-0.015869
-0.053711
-0.068359
-0.020752
-0.106200
-0.108640
-0.152590
-0.069580
-0.173340
