-0.228270
-0.090332
-0.006104
0.034180
0.090332
0.208740
0.125730
0.100100
0.196530
-0.024414
-0.004883
0.039063
0.046387
0.052490
0.103760
0.036621
0.187990
0.284420
0.078125
-0.063477
-0.124510
0.053711
0.312500
0.428470
0.394290
0.454100
0.524900
0.577390
0.389400
0.355220
0.518800
0.222170
0.013428
0.041504
0.107420
0.168460
0.108640
0.201420
0.450440
0.352780
0.187990
0.178220
0.233150
0.339360
0.175780
0.035400
-0.345460
-0.583500
-0.499270
-0.451660
-0.548100
-0.421140
-0.217290
-0.125730
-0.207520
-0.187990
-0.126950
-0.029297
-0.048828
-0.178220
-0.205080
-0.274660
-0.377200
-0.301510
-0.161130
-0.246580
-0.388180
-0.417480
-0.322270
-0.335690
-0.338130
-0.448000
-0.445560
-0.455320
-0.343020
-0.238040
-0.084229
0.047607
0.131840
0.021973
-0.059814
-0.168460
-0.170900
-0.317380
-0.394290
-0.349120
-0.351560
-0.355220
-0.295410
-0.104980
0.009766
0.059814
0.047607
0.017090
-0.058594
-0.109860
0.206300
0.258790
0.000000
-0.185550
-0.197750
-0.430910
-0.224610
0.043945
-0.019531
-0.068359
-0.031738
0.227050
0.437010
0.500490
0.480960
0.411380
0.219730
0.015869
0.013428
0.037842
0.133060
0.156250
0.103760
0.366210
0.236820
0.294190
0.267330
0.153810
0.262450
0.440670
0.369870
0.141600
-0.139160
-0.169680
-0.090332
0.054932
0.007324
-0.085449
-0.115970
0.030518
-0.009766
0.148930
0.134280
0.153810
0.186770
0.104980
-0.057373
-0.288090
-0.284420
-0.087891
-0.078125
-0.300290
-0.201420
-0.103760
-0.191650
-0.095215
-0.010986
0.056152
-0.031738
-0.039063
0.200200
0.241700
0.467530
0.588380
0.340580
0.280760
0.250240
0.053711
-0.299070
-0.510250
-0.406490
-0.262450
-0.080566
0.123290
0.209960
0.305180
0.438230
0.399170
0.439450
0.346680
0.128170
0.062256
0.047607
0.021973
-0.111080
-0.086670
-0.042725
-0.019531
-0.073242
0.074463
0.072021
0.073242
0.146480
0.069580
-0.097656
-0.098877
-0.267330
-0.391850
-0.607910
-0.587160
-0.479740
-0.368650
-0.252690
-0.295410
-0.322270
-0.089111
0.086670
0.097656
-0.155030
-0.109860
-0.220950
-0.465090
-0.549320
-0.562740
-0.438230
-0.314940
-0.373540
-0.161130
0.032959
0.023193
-0.192870
-0.252690
-0.073242
0.032959
0.136720
0.025635
-0.206300
-0.355220
-0.410160
-0.537110
-0.517580
-0.450440
-0.152590
-0.007324
0.125730
0.040283
-0.115970
-0.123290
0.063477
0.146480
-0.065918
0.041504
0.239260
0.214840
0.131840
0.240480
0.284420
0.100100
-0.239260
-0.488280
-0.415040
-0.297850
-0.256350
-0.354000
-0.354000
-0.217290
-0.219730
-0.100100
-0.089111
0.047607
0.144040
0.059814
0.216060
0.312500
0.294190
0.091553
-0.075684
0.035400
0.218510
0.063477
0.107420
0.125730
0.213620
0.031738
0.037842
0.120850
0.151370
0.056152
0.061035
0.129390
0.148930
0.236820
0.384520
0.412600
0.483400
0.289310
-0.242920
-0.272220
-0.074463
0.181880
0.227050
0.187990
0.405270
0.572510
0.736080
0.834960
0.794680
0.667720
0.328370
0.021973
-0.008545
-0.104980
0.042725
0.079346
0.125730
0.183110
0.134280
0.225830
0.316160
0.407710
0.271000
0.229490
0.128170
0.061035
0.111080
0.158690
0.198970
0.349120
0.273440
0.211180
0.080566
-0.067139
-0.119630
-0.134280
-0.048828
0.046387
0.190430
0.427250
0.434570
0.452880
0.268550
0.205080
0.059814
-0.036621
-0.070801
-0.013428
0.069580
0.141600
0.190430
0.256350
0.330810
0.224610
-0.087891
-0.240480
-0.274660
-0.205080
-0.334470
-0.131840
0.042725
0.155030
0.280760
0.161130
-0.029297
-0.229490
-0.308840
-0.208740
-0.168460
-0.203860
-0.201420
0.015869
0.179440
0.355220
0.498050
0.502930
0.452880
0.383300
0.207520
0.095215
-0.065918
-0.194090
-0.185550
-0.242920
-0.247800
-0.135500
-0.019531
0.002441
0.041504
0.025635
0.035400
0.070801
0.111080
0.178220
0.052490
0.030518
-0.052490
-0.046387
-0.018311
0.144040
0.303960
0.230710
0.137940
0.069580
-0.045166
-0.170900
-0.167240
-0.183110
-0.147710
-0.134280
-0.003662
0.142820
0.367430
0.561520
0.690920
0.595700
0.382080
0.295410
0.343020
0.200200
0.014648
0.053711
-0.086670
-0.093994
-0.096436
-0.174560
-0.230710
-0.157470
-0.113530
-0.118410
-0.158690
-0.048828
-0.072021
-0.261230
-0.346680
-0.378420
-0.272220
-0.159910
-0.042725
0.256350
0.471190
0.449220
0.137940
-0.039063
-0.155030
-0.227050
-0.273440
-0.308840
-0.341800
-0.261230
-0.163570
-0.007324
0.201420
0.354000
0.373540
0.197750
0.085449
0.111080
0.162350
0.107420
-0.074463
-0.213620
-0.203860
-0.147710
-0.175780
-0.164790
-0.192870
-0.301510
-0.180660
-0.113530
-0.207520
-0.205080
-0.240480
-0.189210
-0.137940
-0.115970
-0.042725
-0.058594
-0.053711
-0.179440
-0.245360
-0.225830
-0.139160
-0.024414
-0.002441
-0.107420
-0.329590
-0.389400
-0.434570
-0.404050
-0.410160
-0.390630
-0.385740
-0.321040
-0.263670
-0.108640
0.058594
0.180660
0.163570
0.205080
0.090332
0.124510
0.187990
0.275880
0.455320
0.316160
0.147710
0.238040
0.153810
0.117190
0.063477
0.069580
-0.057373
-0.224610
-0.218510
-0.140380
