-0.012207
-0.064697
-0.013428
-0.106200
-0.119630
-0.103760
0.041504
0.098877
0.164790
0.261230
0.170900
0.057373
-0.032959
-0.095215
-0.081787
0.158690
0.488280
0.654300
0.417480
0.136720
0.107420
0.130620
0.164790
0.268550
0.178220
0.162350
0.078125
0.203860
0.345460
0.484620
0.178220
0.024414
0.008545
0.020752
-0.017090
0.000000
0.007324
0.245360
0.401610
0.379640
0.087891
0.065918
0.261230
0.423580
0.256350
-0.056152
-0.201420
-0.415040
-0.471190
-0.417480
-0.366210
-0.327150
-0.175780
-0.019531
0.183110
0.206300
0.260010
0.098877
0.001221
-0.087891
-0.179440
-0.279540
-0.419920
-0.235600
-0.093994
-0.065918
-0.010986
-0.214840
-0.230710
-0.129390
-0.131840
-0.180660
-0.257570
-0.242920
-0.095215
-0.013428
-0.067139
-0.412600
-0.474850
-0.480960
-0.507810
-0.367430
-0.294190
-0.408940
-0.554200
-0.595700
-0.506590
-0.465090
-0.408940
-0.399170
-0.498050
-0.330810
-0.120850
0.240480
0.408940
0.302730
0.271000
-0.107420
-0.228270
-0.115970
0.030518
0.125730
0.164790
0.097656
-0.134280
0.034180
0.380860
0.562740
0.544430
0.438230
0.306400
0.263670
0.117190
0.056152
-0.012207
-0.322270
-0.452880
-0.327150
-0.135500
0.102540
0.380860
0.622560
0.410160
0.383300
0.247800
0.062256
-0.010986
-0.148930
-0.115970
-0.095215
-0.007324
-0.067139
-0.219730
-0.373540
-0.177000
0.078125
0.260010
0.362550
0.225830
0.185550
0.089111
-0.131840
-0.161130
-0.100100
0.048828
-0.053711
-0.170900
-0.158690
-0.462650
-0.590820
-0.671390
-0.474850
-0.354000
-0.189210
-0.172120
0.056152
0.246580
0.451660
0.371090
0.241700
0.189210
-0.029297
-0.458980
-0.449220
-0.328370
-0.166020
0.010986
0.175780
0.257570
0.142820
0.257570
0.290530
0.164790
0.026855
0.014648
0.002441
0.225830
0.209960
0.001221
-0.213620
-0.322270
-0.321040
-0.322270
-0.294190
-0.167240
-0.107420
-0.146480
-0.085449
0.197750
0.332030
0.206300
-0.130620
-0.389400
-0.347900
-0.417480
-0.439450
-0.216060
-0.112300
0.048828
0.046387
0.157470
0.181880
0.024414
0.007324
0.017090
0.047607
-0.019531
-0.152590
-0.216060
-0.145260
-0.063477
-0.072021
-0.008545
0.177000
0.172120
0.046387
0.048828
0.042725
-0.155030
-0.352780
-0.231930
0.152590
0.231930
0.228270
0.153810
0.217290
0.159910
0.145260
0.292970
0.029297
-0.296630
-0.150150
-0.006104
-0.001221
-0.095215
-0.305180
-0.251460
0.113530
0.144040
-0.135500
-0.245360
0.000000
0.151370
0.246580
0.266110
0.251460
0.314940
0.386960
0.457760
0.267330
0.216060
0.200200
0.249020
0.333250
0.291750
0.100100
-0.056152
-0.076904
0.058594
0.261230
0.399170
0.358890
0.062256
-0.108640
-0.029297
0.076904
0.214840
0.399170
0.253910
0.012207
-0.040283
0.047607
0.104980
0.142820
0.130620
-0.020752
-0.181880
-0.194090
-0.074463
-0.057373
-0.036621
-0.036621
0.072021
0.083008
0.158690
0.040283
-0.015869
0.023193
-0.039063
-0.159910
-0.194090
-0.338130
-0.391850
-0.290530
-0.007324
0.051270
0.098877
0.240480
0.400390
0.375980
0.294190
0.224610
-0.137940
-0.343020
-0.323490
-0.137940
0.117190
0.374760
0.506590
0.277100
0.241700
0.361330
0.400390
0.256350
-0.014648
-0.169680
-0.155030
-0.041504
0.108640
0.124510
0.286870
0.507810
0.489500
0.450440
0.423580
0.488280
0.355220
0.107420
-0.004883
-0.029297
0.012207
0.081787
0.333250
0.391850
0.355220
0.427250
0.618900
0.505370
0.186770
0.123290
0.018311
0.040283
0.061035
0.040283
0.162350
0.267330
0.120850
0.174560
0.100100
-0.080566
-0.201420
-0.252690
-0.252690
-0.241700
-0.296630
-0.263670
-0.389400
-0.369870
-0.294190
-0.023193
0.097656
0.065918
-0.051270
-0.114750
-0.056152
-0.001221
-0.187990
-0.037842
0.036621
0.061035
0.140380
0.103760
0.103760
0.015869
-0.207520
-0.249020
-0.208740
-0.338130
-0.375980
-0.297850
-0.136720
-0.012207
0.012207
0.024414
0.070801
0.208740
0.108640
-0.004883
0.039063
0.197750
0.039063
-0.163570
-0.211180
-0.092773
0.008545
-0.010986
-0.139160
-0.109860
0.043945
0.012207
-0.191650
-0.251460
-0.246580
-0.130620
-0.040283
-0.048828
-0.075684
-0.070801
-0.036621
0.159910
0.316160
0.238040
0.051270
-0.028076
-0.075684
-0.003662
-0.040283
-0.104980
-0.080566
-0.021973
0.013428
0.073242
0.102540
0.062256
0.076904
0.087891
-0.098877
-0.164790
-0.009766
-0.010986
-0.137940
-0.184330
-0.184330
-0.056152
-0.026855
-0.002441
0.047607
0.075684
0.067139
-0.062256
-0.067139
-0.145260
-0.208740
-0.267330
-0.469970
-0.570070
-0.531010
-0.333250
-0.294190
-0.256350
-0.273440
-0.235600
0.012207
0.086670
0.031738
-0.001221
-0.009766
-0.152590
-0.228270
-0.412600
-0.480960
-0.354000
-0.245360
-0.252690
-0.209960
-0.062256
0.042725
0.075684
0.010986
-0.036621
0.072021
-0.100100
-0.261230
-0.238040
-0.218510
-0.223390
-0.317380
-0.391850
-0.483400
-0.412600
-0.330810
-0.266110
-0.057373
0.145260
0.435790
0.496830
0.285640
0.026855
-0.002441
-0.156250
-0.217290
-0.195310
-0.252690
-0.209960
-0.164790
-0.072021
0.281980
0.390630
0.295410
0.109860
