-0.062256
-0.311280
-0.460210
-0.435790
-0.445560
-0.314940
-0.103760
0.157470
0.147710
0.090332
0.113530
-0.040283
0.014648
0.087891
0.167240
0.169680
0.122070
0.185550
0.578610
0.759280
0.632320
0.205080
0.170900
-0.015869
-0.026855
0.076904
0.246580
0.357670
0.518800
0.781250
0.778810
0.828860
0.683590
0.512700
0.223390
0.173340
0.214840
0.065918
0.074463
0.161130
0.251460
0.174560
0.244140
0.114750
0.148930
0.297850
0.263670
0.335690
0.139160
-0.043945
-0.194090
-0.312500
-0.355220
-0.329590
-0.388180
-0.334470
-0.332030
-0.329590
-0.161130
-0.102540
-0.098877
-0.223390
-0.151370
-0.195310
-0.269780
-0.268550
-0.338130
-0.236820
-0.252690
-0.489500
-0.461430
-0.253910
-0.100100
-0.004883
0.085449
0.159910
0.125730
0.063477
-0.120850
-0.197750
-0.086670
-0.253910
-0.396730
-0.541990
-0.559080
-0.372310
-0.358890
-0.721440
-0.928960
-0.720210
-0.800780
-0.914310
-0.843510
-0.549320
-0.407710
-0.174560
0.069580
-0.135500
-0.206300
-0.310060
-0.344240
-0.391850
-0.274660
-0.131840
-0.023193
-0.045166
-0.053711
-0.065918
0.186770
0.435790
0.495610
0.433350
0.273440
0.390630
0.487060
0.555420
0.434570
0.185550
0.100100
0.092773
0.020752
0.008545
-0.028076
0.163570
0.252690
0.092773
-0.032959
0.079346
0.017090
0.124510
0.244140
0.144040
0.380860
0.382080
0.217290
0.294190
0.131840
0.081787
0.189210
0.314940
0.336910
0.305180
0.242920
0.124510
0.085449
0.167240
-0.084229
-0.122070
0.041504
0.168460
0.406490
0.452880
0.468750
0.400390
0.280760
0.264890
0.255130
-0.003662
-0.126950
-0.300290
-0.340580
-0.266110
0.061035
0.207520
0.178220
0.218510
-0.242920
-0.439450
-0.534670
-0.483400
-0.421140
-0.294190
-0.158690
-0.128170
0.040283
0.189210
0.197750
0.061035
0.191650
0.098877
-0.129390
-0.126950
-0.189210
-0.095215
-0.097656
-0.119630
-0.115970
0.024414
0.052490
-0.001221
-0.091553
-0.043945
-0.041504
-0.045166
0.120850
-0.007324
-0.444340
-0.639650
-0.871580
-0.736080
-0.638430
-0.655520
-0.662840
-0.528560
-0.400390
-0.169680
-0.041504
0.029297
0.001221
0.109860
0.275880
0.187990
-0.109860
-0.273440
-0.200200
-0.163570
-0.194090
-0.299070
-0.228270
0.047607
0.271000
0.515140
0.592040
0.496830
0.288090
0.360110
0.552980
0.576170
0.498050
0.650630
0.452880
0.384520
0.505370
0.350340
0.120850
-0.034180
-0.107420
-0.107420
-0.111080
-0.026855
-0.010986
0.057373
0.109860
-0.041504
-0.079346
0.004883
-0.065918
0.054932
0.108640
0.115970
0.207520
0.227050
0.139160
0.076904
0.234380
0.213620
0.349120
0.201420
0.079346
0.103760
0.056152
0.030518
-0.047607
0.097656
0.180660
0.039063
0.042725
-0.010986
0.014648
-0.098877
-0.194090
-0.229490
-0.217290
-0.112300
-0.113530
-0.058594
-0.028076
0.052490
0.085449
0.148930
0.114750
-0.006104
-0.113530
-0.155030
-0.157470
-0.217290
-0.411380
-0.469970
-0.490720
-0.371090
-0.145260
0.086670
0.357670
0.761720
0.715330
0.385740
-0.014648
-0.061035
-0.004883
0.015869
0.084229
0.140380
0.042725
-0.003662
-0.118410
-0.028076
-0.076904
-0.235600
-0.390630
-0.574950
-0.516360
-0.347900
-0.194090
-0.083008
0.047607
0.125730
0.175780
0.302730
0.441890
0.411380
0.225830
0.102540
0.076904
0.107420
0.109860
0.048828
0.084229
0.078125
0.100100
0.095215
0.052490
-0.096436
-0.129390
-0.200200
-0.111080
-0.109860
0.059814
0.341800
0.462650
0.520020
0.224610
0.019531
0.074463
0.050049
-0.083008
-0.260010
-0.310060
-0.285640
-0.222170
-0.151370
-0.128170
-0.070801
-0.242920
-0.330810
-0.292970
-0.358890
-0.444340
-0.511470
-0.551760
-0.493160
-0.346680
-0.195310
-0.056152
0.035400
0.040283
-0.178220
-0.364990
-0.402830
-0.552980
-0.578610
-0.570070
-0.477290
-0.443120
-0.518800
-0.444340
-0.341800
-0.461430
-0.501710
-0.440670
-0.397950
-0.458980
-0.557860
-0.490720
-0.458980
-0.473630
-0.506590
-0.426030
-0.446780
-0.343020
-0.256350
-0.230710
-0.058594
0.050049
-0.010986
0.047607
0.147710
0.051270
0.083008
0.031738
-0.163570
-0.173340
-0.102540
0.085449
0.329590
0.329590
0.313720
0.405270
0.521240
0.455320
0.343020
0.236820
0.183110
0.136720
0.294190
0.380860
0.534670
0.545650
0.490720
0.463870
0.488280
0.404050
0.253910
0.286870
0.327150
0.339360
0.374760
0.488280
0.733640
0.954590
1.079100
1.092500
1.005900
0.880130
0.670170
0.722660
0.729980
0.493160
0.411380
0.430910
0.437010
0.350340
0.360110
0.269780
0.178220
0.137940
0.034180
-0.021973
-0.092773
-0.161130
-0.064697
-0.073242
-0.090332
-0.103760
-0.050049
0.120850
0.081787
-0.052490
-0.112300
-0.194090
-0.053711
-0.067139
-0.083008
-0.086670
-0.184330
-0.078125
-0.092773
-0.073242
-0.211180
-0.212400
-0.213620
-0.358890
-0.449220
-0.467530
-0.443120
-0.196530
-0.006104
0.129390
0.206300
0.164790
0.257570
0.229490
0.103760
0.118410
0.174560
0.042725
-0.173340
-0.258790
-0.267330
-0.319820
-0.367430
-0.389400
-0.423580
-0.294190
-0.291750
-0.339360
-0.266110
-0.216060
-0.222170
-0.427250
-0.551760
