0.203860
0.100100
-0.050049
-0.045166
0.031738
0.202640
0.125730
0.000000
-0.081787
-0.065918
0.010986
0.195310
0.151370
0.092773
0.090332
0.341800
0.672610
0.854490
0.664060
0.407710
0.397950
0.446780
0.330810
0.187990
0.258790
0.344240
0.393070
0.278320
0.163570
0.274660
0.308840
0.205080
0.074463
0.075684
-0.213620
-0.385740
-0.146480
0.031738
0.081787
0.169680
0.229490
0.262450
0.340580
0.241700
0.145260
-0.179440
-0.343020
-0.390630
-0.485840
-0.582280
-0.648190
-0.642090
-0.478520
-0.347900
-0.253910
-0.039063
0.065918
0.147710
-0.087891
-0.288090
-0.242920
-0.350340
-0.150150
-0.002441
0.000000
-0.219730
-0.200200
0.040283
0.194090
0.087891
-0.026855
-0.214840
-0.280760
-0.268550
-0.319820
-0.397950
-0.140380
0.042725
-0.338130
-0.316160
-0.185550
-0.185550
-0.364990
-0.550540
-0.665280
-0.651860
-0.489500
-0.385740
-0.366210
-0.482180
-0.494380
-0.361330
-0.131840
0.157470
0.102540
-0.036621
-0.345460
-0.281980
-0.241700
-0.235600
-0.147710
-0.250240
-0.285640
-0.197750
-0.026855
0.183110
0.111080
0.235600
0.460210
0.548100
0.255130
-0.040283
-0.085449
0.124510
0.148930
0.122070
-0.003662
-0.312500
-0.369870
-0.162350
0.019531
0.283200
0.531010
0.511470
0.318600
-0.017090
-0.157470
-0.205080
-0.180660
-0.056152
0.087891
0.240480
0.352780
0.537110
0.416260
-0.054932
-0.454100
-0.460210
-0.496830
-0.487060
-0.418700
-0.322270
-0.124510
0.048828
0.062256
0.048828
-0.233150
-0.373540
-0.377200
-0.258790
-0.224610
-0.100100
-0.063477
-0.163570
-0.205080
-0.224610
-0.363770
-0.218510
0.090332
0.302730
0.439450
0.640870
0.737300
0.600590
0.151370
-0.238040
-0.224610
-0.053711
0.010986
0.111080
0.194090
0.131840
0.104980
0.078125
-0.050049
-0.109860
-0.103760
0.107420
0.170900
0.042725
-0.007324
0.046387
0.019531
-0.078125
-0.093994
-0.310060
-0.336910
-0.363770
-0.296630
-0.172120
0.126950
0.137940
-0.251460
-0.395510
-0.413820
-0.364990
-0.239260
-0.200200
-0.208740
-0.278320
-0.125730
0.042725
0.123290
0.103760
-0.078125
-0.235600
-0.417480
-0.372310
-0.238040
-0.115970
-0.079346
0.061035
0.167240
0.177000
0.213620
-0.014648
-0.347900
-0.174560
0.128170
0.357670
0.286870
0.356450
0.515140
0.419920
0.347900
0.225830
-0.013428
-0.148930
-0.163570
-0.097656
-0.061035
0.025635
0.190430
0.390630
0.560300
0.507810
0.334470
0.271000
0.131840
-0.097656
-0.111080
-0.059814
-0.003662
-0.097656
-0.025635
0.275880
0.662840
0.521240
0.034180
-0.201420
-0.437010
-0.490720
-0.424800
-0.249020
-0.101320
0.201420
0.487060
0.412600
0.103760
0.266110
0.162350
-0.252690
-0.351560
-0.249020
-0.145260
-0.067139
0.240480
0.505370
0.637210
0.491940
0.391850
-0.007324
-0.389400
-0.314940
0.183110
0.306400
0.164790
0.074463
0.126950
0.195310
0.152590
0.034180
0.036621
0.219730
0.339360
0.361330
0.142820
0.048828
-0.021973
0.194090
0.172120
-0.046387
-0.163570
-0.091553
-0.010986
-0.234380
-0.169680
-0.130620
0.019531
0.157470
-0.075684
-0.036621
0.017090
-0.025635
0.020752
0.052490
0.081787
0.056152
0.083008
-0.013428
-0.015869
0.113530
0.318600
0.295410
0.167240
0.285640
0.180660
-0.059814
-0.153810
-0.162350
-0.130620
-0.096436
0.212400
0.294190
0.283200
0.253910
0.229490
0.217290
0.305180
0.174560
0.048828
-0.019531
-0.128170
-0.194090
-0.122070
-0.098877
-0.111080
-0.191650
-0.123290
-0.067139
-0.007324
-0.040283
0.037842
0.120850
0.234380
0.258790
0.242920
0.019531
0.001221
0.059814
0.034180
0.061035
0.065918
-0.103760
-0.145260
0.089111
0.255130
0.047607
0.002441
-0.067139
-0.008545
0.124510
0.158690
0.092773
-0.020752
0.009766
0.047607
0.075684
0.312500
0.411380
0.039063
-0.306400
-0.246580
-0.050049
0.159910
0.258790
0.225830
0.379640
0.506590
0.581050
0.473630
0.241700
0.218510
0.142820
0.102540
-0.041504
0.001221
0.036621
0.124510
0.271000
0.256350
0.209960
0.184330
0.152590
0.039063
0.013428
-0.103760
-0.281980
-0.307620
-0.239260
-0.140380
0.032959
0.230710
0.278320
0.290530
0.147710
-0.020752
-0.072021
-0.012207
-0.020752
-0.006104
-0.031738
0.123290
0.126950
0.067139
0.089111
-0.179440
-0.363770
-0.338130
-0.245360
-0.189210
-0.061035
-0.059814
0.056152
-0.004883
-0.201420
-0.147710
-0.054932
-0.216060
-0.285640
-0.274660
-0.118410
-0.048828
-0.051270
-0.074463
-0.013428
-0.036621
0.109860
0.177000
0.137940
-0.092773
-0.277100
-0.257570
-0.231930
-0.407710
-0.628660
-0.704350
-0.651860
-0.390630
-0.224610
-0.373540
-0.473630
-0.557860
-0.483400
-0.388180
-0.236820
-0.269780
-0.207520
-0.084229
-0.101320
-0.109860
-0.158690
-0.153810
-0.128170
-0.145260
-0.028076
0.015869
-0.013428
-0.112300
-0.041504
0.067139
0.045166
0.184330
0.288090
0.181880
0.133060
0.136720
0.144040
0.163570
0.166020
0.130620
0.004883
-0.037842
-0.218510
-0.285640
-0.205080
-0.197750
-0.093994
-0.158690
-0.072021
0.097656
0.169680
0.178220
0.330810
0.283200
0.322270
0.332030
0.313720
0.291750
0.184330
