-0.075684
-0.153810
-0.194090
-0.211180
-0.329590
-0.421140
-0.418700
-0.487060
-0.401610
-0.236820
-0.102540
0.067139
0.218510
0.322270
0.299070
0.350340
0.474850
0.651860
0.493160
0.158690
0.036621
0.023193
0.026855
0.249020
0.318600
0.346680
0.378420
0.275880
0.380860
0.554200
0.448000
0.161130
-0.047607
0.041504
0.134280
0.000000
0.085449
0.194090
0.163570
0.120850
0.106200
0.211180
0.478520
0.566410
0.524900
0.061035
-0.456540
-0.491940
-0.548100
-0.458980
-0.313720
-0.418700
-0.363770
-0.197750
0.150150
0.363770
0.301510
-0.040283
-0.216060
-0.253910
-0.224610
-0.200200
-0.096436
0.090332
0.196530
0.268550
0.202640
0.093994
0.103760
-0.043945
-0.208740
-0.197750
-0.106200
-0.213620
-0.231930
-0.349120
-0.217290
0.134280
-0.015869
-0.363770
-0.561520
-0.599370
-0.694580
-0.618900
-0.451660
-0.250240
-0.178220
0.008545
0.072021
0.021973
-0.075684
-0.211180
0.101320
0.194090
-0.096436
-0.128170
-0.152590
-0.172120
-0.102540
-0.218510
-0.440670
-0.712890
-0.992430
-0.828860
-0.288090
0.101320
0.323490
0.544430
0.620120
0.548100
0.505370
0.413820
0.206300
0.080566
-0.197750
-0.305180
-0.378420
-0.402830
-0.323490
-0.183110
-0.039063
0.150150
0.391850
0.363770
0.113530
-0.065918
-0.136720
-0.186770
-0.089111
-0.031738
-0.061035
0.031738
0.238040
0.648190
0.535890
0.078125
-0.111080
-0.256350
-0.201420
-0.285640
-0.256350
-0.223390
-0.032959
0.235600
0.463870
0.446780
0.251460
0.264890
0.136720
-0.269780
-0.166020
-0.115970
-0.238040
0.024414
-0.119630
-0.333250
-0.343020
-0.214840
-0.050049
-0.172120
-0.251460
0.001221
0.306400
0.394290
0.395510
0.155030
-0.187990
-0.339360
-0.477290
-0.572510
-0.609130
-0.504150
-0.346680
-0.206300
-0.065918
0.158690
0.261230
-0.107420
-0.263670
-0.095215
-0.037842
0.030518
0.177000
0.250240
0.220950
0.155030
0.054932
-0.029297
0.007324
-0.250240
-0.323490
-0.284420
-0.260010
-0.216060
-0.147710
-0.169680
-0.250240
-0.233150
-0.385740
-0.415040
-0.097656
0.001221
0.103760
0.209960
0.233150
0.325930
0.126950
-0.257570
-0.485840
-0.472410
-0.417480
-0.367430
-0.372310
-0.416260
-0.233150
0.001221
0.198970
0.500490
0.506590
0.480960
0.235600
-0.024414
-0.184330
-0.144040
-0.028076
-0.065918
-0.152590
-0.092773
0.153810
0.382080
0.307620
0.030518
-0.181880
-0.087891
0.003662
0.095215
0.184330
0.369870
0.363770
0.306400
0.036621
-0.023193
-0.205080
-0.208740
-0.260010
-0.483400
-0.314940
-0.014648
0.167240
0.362550
0.350340
0.231930
0.148930
0.113530
0.084229
0.153810
0.224610
0.292970
0.383300
0.386960
0.412600
0.224610
-0.057373
-0.169680
-0.307620
-0.302730
-0.191650
-0.054932
0.084229
0.069580
0.093994
0.158690
0.391850
0.395510
0.323490
0.207520
0.008545
0.014648
-0.092773
-0.111080
0.073242
0.214840
0.417480
0.366210
0.183110
-0.131840
-0.162350
0.013428
0.003662
-0.032959
0.200200
0.371090
0.626220
0.526120
0.350340
0.119630
0.004883
-0.086670
-0.269780
-0.335690
-0.206300
-0.042725
0.067139
0.063477
-0.213620
-0.363770
-0.275880
-0.313720
-0.292970
-0.159910
0.009766
0.042725
0.095215
0.131840
0.195310
0.233150
0.317380
0.246580
0.137940
0.191650
-0.023193
-0.106200
0.024414
-0.045166
-0.047607
0.079346
0.251460
0.305180
0.598140
0.823970
0.628660
0.242920
-0.190430
-0.341800
-0.256350
-0.101320
-0.024414
0.161130
0.351560
0.264890
0.175780
0.212400
0.187990
-0.102540
-0.173340
-0.124510
-0.024414
0.047607
0.095215
0.112300
0.079346
-0.052490
-0.151370
-0.067139
0.030518
0.114750
0.329590
0.500490
0.343020
0.156250
0.051270
0.126950
0.213620
0.236820
0.250240
0.124510
0.069580
0.245360
0.367430
0.299070
0.350340
0.318600
0.181880
0.139160
0.122070
0.295410
0.325930
0.147710
0.037842
-0.147710
-0.190430
-0.223390
-0.195310
-0.076904
0.054932
0.009766
0.091553
0.017090
0.146480
0.281980
0.322270
0.319820
0.321040
0.384520
0.317380
0.358890
0.280760
0.142820
0.015869
-0.021973
-0.056152
-0.217290
-0.212400
-0.200200
-0.230710
-0.233150
-0.286870
-0.255130
-0.140380
-0.054932
-0.126950
-0.167240
-0.013428
0.106200
0.191650
0.253910
0.003662
-0.029297
0.120850
0.079346
0.097656
0.251460
0.361330
0.136720
0.002441
-0.041504
-0.046387
-0.147710
-0.292970
-0.509030
-0.529790
-0.515140
-0.372310
-0.207520
-0.147710
-0.089111
0.225830
0.413820
0.368650
0.189210
-0.017090
-0.065918
-0.020752
-0.100100
-0.163570
-0.141600
-0.229490
-0.104980
0.109860
0.307620
0.395510
0.380860
0.438230
0.361330
0.090332
-0.279540
-0.355220
-0.355220
-0.344240
-0.421140
-0.382080
-0.275880
-0.218510
-0.125730
0.035400
0.107420
-0.158690
-0.450440
-0.534670
-0.467530
-0.557860
-0.645750
-0.495610
-0.207520
-0.034180
0.047607
0.139160
0.172120
0.185550
-0.280760
-0.362550
-0.465090
-0.605470
-0.565190
-0.458980
-0.325930
-0.092773
0.052490
0.220950
0.357670
0.224610
0.219730
0.196530
-0.043945
-0.174560
-0.262450
-0.476070
-0.566410
-0.562740
-0.603030
