-0.166020
-0.119630
0.014648
0.135500
0.207520
0.144040
0.130620
0.104980
0.168460
0.135500
0.187990
0.042725
-0.009766
-0.091553
-0.280760
-0.212400
-0.181880
0.058594
0.317380
0.271000
-0.047607
0.047607
0.222170
0.185550
0.412600
0.394290
0.373540
0.327150
0.450440
0.463870
0.375980
0.371090
0.361330
0.217290
0.054932
-0.034180
-0.175780
-0.089111
0.000000
0.118410
0.222170
0.151370
0.037842
-0.050049
0.202640
0.499270
0.516360
0.198970
-0.081787
-0.229490
-0.338130
-0.297850
-0.402830
-0.383300
-0.294190
-0.328370
-0.395510
-0.202640
-0.211180
-0.180660
-0.175780
-0.274660
-0.277100
-0.290530
-0.125730
-0.102540
-0.139160
-0.179440
-0.292970
-0.460210
-0.545650
-0.535890
-0.502930
-0.408940
-0.261230
-0.206300
-0.278320
-0.085449
0.113530
0.135500
-0.068359
-0.069580
-0.035400
-0.047607
-0.151370
-0.212400
-0.179440
-0.102540
-0.166020
-0.317380
-0.363770
-0.379640
-0.791020
-0.661620
-0.399170
-0.180660
-0.152590
-0.097656
-0.170900
0.035400
0.246580
0.244140
0.128170
-0.089111
-0.129390
0.032959
0.426030
0.614010
0.649410
0.537110
0.371090
0.415040
0.605470
0.594480
0.388180
0.317380
0.253910
0.208740
0.051270
-0.175780
-0.068359
0.255130
0.489500
0.581050
0.791020
0.676270
0.457760
0.218510
-0.057373
-0.122070
-0.126950
-0.131840
-0.246580
-0.122070
0.212400
0.184330
0.090332
-0.004883
-0.062256
-0.128170
-0.139160
-0.200200
-0.095215
0.061035
0.261230
0.157470
0.072021
0.240480
0.351560
0.223390
-0.034180
-0.390630
-0.379640
-0.307620
-0.244140
-0.174560
-0.240480
-0.314940
-0.288090
-0.274660
-0.177000
0.070801
0.156250
0.380860
0.073242
-0.367430
-0.344240
-0.490720
-0.533450
-0.541990
-0.440670
-0.408940
-0.399170
-0.216060
-0.076904
-0.141600
-0.177000
-0.090332
-0.216060
-0.220950
-0.198970
-0.158690
-0.218510
-0.268550
-0.075684
0.001221
-0.025635
-0.108640
-0.030518
-0.084229
-0.111080
0.004883
-0.069580
-0.329590
-0.319820
-0.413820
-0.404050
-0.273440
-0.144040
0.107420
0.278320
0.505370
0.704350
0.753170
0.468750
0.063477
-0.106200
-0.091553
-0.051270
-0.078125
0.040283
0.173340
0.189210
0.196530
0.151370
0.281980
0.489500
0.628660
0.395510
0.258790
0.360110
0.350340
0.385740
0.179440
-0.073242
-0.401610
-0.379640
-0.391850
-0.238040
-0.130620
-0.095215
0.036621
0.323490
0.429690
0.161130
-0.036621
-0.142820
-0.203860
-0.375980
-0.444340
-0.325930
-0.219730
-0.102540
-0.101320
-0.036621
0.067139
0.231930
0.241700
-0.023193
-0.352780
-0.551760
-0.485840
-0.323490
-0.200200
-0.147710
-0.133060
-0.008545
0.231930
0.505370
0.654300
0.649410
0.275880
0.087891
0.185550
0.124510
0.095215
0.134280
0.158690
0.180660
0.040283
0.102540
0.228270
0.240480
0.045166
-0.013428
0.002441
0.130620
0.255130
0.140380
0.341800
0.532230
0.540770
0.423580
0.075684
-0.091553
-0.113530
0.021973
0.035400
0.046387
0.147710
0.195310
0.281980
0.416260
0.461430
0.285640
0.142820
0.065918
0.023193
-0.090332
-0.012207
0.048828
0.245360
0.369870
0.440670
0.318600
-0.026855
-0.247800
-0.207520
-0.076904
-0.028076
0.009766
0.003662
0.089111
0.161130
0.198970
0.197750
0.252690
0.191650
0.089111
-0.139160
-0.297850
-0.169680
-0.096436
0.004883
0.106200
0.280760
0.134280
-0.074463
-0.358890
-0.338130
-0.269780
-0.169680
0.017090
-0.035400
0.013428
0.266110
0.454100
0.516360
0.404050
0.222170
0.085449
-0.075684
-0.235600
-0.335690
-0.316160
-0.163570
-0.025635
-0.042725
-0.015869
0.058594
-0.010986
0.034180
-0.045166
-0.184330
-0.156250
-0.097656
-0.118410
-0.003662
0.167240
0.209960
0.087891
0.000000
-0.062256
-0.157470
-0.140380
-0.274660
-0.305180
-0.205080
-0.050049
0.069580
0.045166
0.255130
0.238040
0.239260
0.227050
0.114750
-0.007324
-0.087891
-0.177000
-0.189210
0.028076
0.122070
0.137940
0.103760
0.148930
0.223390
0.388180
0.592040
0.585940
0.312500
0.242920
0.230710
0.069580
0.128170
0.286870
0.272220
0.123290
-0.006104
-0.118410
-0.072021
-0.012207
-0.163570
-0.263670
-0.153810
0.054932
0.106200
0.209960
0.141600
-0.029297
-0.180660
-0.347900
-0.510250
-0.568850
-0.521240
-0.432130
-0.196530
0.041504
0.135500
0.157470
0.216060
0.201420
0.098877
0.036621
0.018311
-0.096436
-0.123290
-0.036621
0.163570
0.229490
0.056152
0.075684
0.266110
0.236820
0.170900
0.214840
0.048828
0.024414
0.002441
-0.157470
-0.168460
-0.080566
0.124510
0.042725
-0.144040
-0.250240
-0.300290
-0.227050
-0.092773
-0.163570
-0.313720
-0.418700
-0.330810
-0.272220
-0.181880
-0.281980
-0.346680
-0.334470
-0.444340
-0.554200
-0.382080
-0.312500
-0.168460
-0.144040
-0.223390
-0.364990
-0.410160
-0.355220
-0.312500
-0.058594
-0.086670
-0.268550
-0.321040
-0.231930
-0.192870
-0.213620
-0.203860
-0.255130
-0.339360
-0.340580
-0.341800
-0.189210
-0.008545
0.037842
0.124510
0.189210
0.191650
0.091553
-0.069580
-0.187990
-0.134280
-0.102540
-0.054932
-0.063477
0.014648
0.080566
0.156250
0.095215
-0.063477
-0.163570
-0.240480
