0.180660
-0.029297
-0.076904
-0.178220
-0.286870
-0.371090
-0.385740
-0.219730
-0.045166
0.050049
0.042725
0.095215
0.019531
-0.120850
-0.201420
0.031738
0.433350
0.526120
0.378420
0.026855
0.133060
0.122070
-0.007324
-0.129390
-0.139160
-0.112300
0.093994
0.407710
0.397950
0.407710
0.607910
0.676270
0.600590
0.308840
0.234380
0.317380
0.302730
0.345460
0.426030
0.472410
0.446780
0.330810
0.290530
0.284420
0.184330
0.120850
-0.013428
-0.213620
-0.323490
-0.373540
-0.328370
-0.195310
0.023193
0.189210
0.393070
0.281980
0.106200
-0.009766
-0.076904
-0.179440
-0.004883
0.085449
0.225830
0.081787
-0.034180
-0.030518
-0.029297
-0.173340
-0.180660
-0.063477
-0.089111
-0.196530
-0.058594
0.114750
0.074463
-0.015869
-0.004883
-0.148930
-0.491940
-0.463870
-0.379640
-0.435790
-0.596920
-0.501710
-0.499270
-0.488280
-0.456540
-0.394290
-0.227050
-0.185550
-0.144040
-0.227050
-0.322270
-0.396730
-0.467530
-0.345460
-0.090332
0.118410
-0.252690
-0.357670
-0.251460
-0.222170
-0.140380
-0.039063
0.041504
-0.032959
-0.277100
-0.108640
0.260010
0.499270
0.362550
0.153810
0.104980
0.102540
-0.419920
-0.389400
-0.164790
0.006104
0.125730
0.092773
0.194090
0.418700
0.361330
0.004883
-0.064697
-0.112300
-0.230710
-0.275880
-0.311280
-0.369870
-0.084229
0.030518
0.084229
0.211180
0.047607
-0.083008
-0.184330
-0.079346
0.092773
0.225830
0.325930
0.133060
0.039063
-0.107420
-0.230710
-0.338130
-0.322270
-0.319820
-0.128170
0.175780
0.322270
0.449220
0.330810
0.135500
-0.266110
-0.416260
-0.430910
-0.346680
-0.294190
-0.264890
-0.167240
-0.104980
-0.030518
0.191650
0.205080
0.211180
0.106200
-0.155030
-0.190430
-0.192870
-0.137940
0.000000
0.272220
0.355220
0.166020
0.163570
-0.017090
0.023193
0.130620
0.131840
0.090332
0.161130
0.184330
0.126950
0.292970
0.214840
0.014648
-0.227050
-0.419920
-0.311280
-0.410160
-0.535890
-0.469970
-0.179440
0.058594
0.048828
0.045166
-0.007324
-0.096436
-0.212400
-0.358890
-0.329590
-0.146480
-0.012207
0.048828
0.139160
0.073242
0.041504
-0.076904
-0.045166
-0.025635
-0.228270
-0.280760
-0.300290
-0.205080
0.050049
0.310060
0.067139
0.069580
-0.213620
-0.443120
-0.482180
-0.502930
-0.379640
-0.197750
0.075684
0.155030
0.012207
-0.249020
-0.537110
-0.706790
-0.623780
-0.587160
-0.609130
-0.540770
-0.463870
-0.192870
-0.079346
0.043945
0.139160
0.163570
0.095215
-0.091553
-0.125730
-0.136720
-0.086670
-0.041504
0.050049
-0.029297
-0.008545
0.090332
0.205080
0.255130
0.101320
-0.009766
0.140380
0.113530
-0.019531
0.014648
0.098877
0.233150
0.291750
0.334470
0.189210
0.213620
0.246580
0.147710
0.120850
0.118410
0.324710
0.571290
0.534670
0.460210
0.231930
0.102540
0.141600
0.198970
0.183110
0.290530
0.482180
0.461430
0.251460
0.106200
-0.046387
-0.114750
-0.041504
-0.086670
0.007324
0.096436
0.061035
0.124510
0.090332
0.170900
0.257570
0.207520
-0.091553
-0.319820
-0.363770
-0.220950
-0.051270
0.012207
0.013428
-0.107420
-0.214840
-0.139160
-0.093994
-0.043945
0.067139
0.113530
0.014648
-0.085449
-0.058594
-0.142820
-0.093994
0.123290
0.240480
0.267330
0.222170
0.178220
0.234380
0.275880
0.220950
0.163570
0.203860
0.302730
0.271000
0.123290
0.041504
0.181880
0.206300
0.198970
0.053711
-0.124510
-0.185550
0.096436
0.319820
0.291750
0.249020
0.332030
0.625000
0.745850
0.718990
0.466310
0.329590
0.064697
-0.058594
-0.026855
0.107420
0.063477
0.133060
0.103760
0.158690
0.318600
0.424800
0.367430
0.257570
-0.031738
-0.198970
-0.155030
-0.083008
-0.065918
-0.108640
-0.026855
0.170900
0.314940
0.434570
0.434570
0.305180
0.124510
-0.079346
-0.264890
-0.288090
-0.355220
-0.460210
-0.407710
-0.306400
-0.209960
-0.150150
-0.137940
-0.378420
-0.603030
-0.605470
-0.490720
-0.415040
-0.319820
-0.096436
-0.052490
-0.019531
0.156250
0.290530
0.449220
0.584720
0.659180
0.981450
1.030300
1.031500
0.842290
0.621340
0.457760
0.303960
0.198970
0.152590
0.202640
0.183110
0.197750
0.205080
0.211180
0.255130
0.313720
0.264890
0.245360
0.328370
0.184330
-0.006104
-0.079346
-0.035400
0.117190
0.133060
0.019531
-0.358890
-0.472410
-0.334470
-0.230710
-0.231930
-0.236820
-0.273440
-0.090332
0.098877
0.111080
0.056152
0.008545
-0.063477
-0.231930
-0.363770
-0.509030
-0.585940
-0.692140
-0.717770
-0.643310
-0.694580
-0.761720
-0.677490
-0.505370
-0.468750
-0.423580
-0.333250
-0.377200
-0.487060
-0.441890
-0.415040
-0.451660
-0.552980
-0.546880
-0.469970
-0.378420
-0.230710
-0.227050
-0.187990
-0.119630
-0.224610
-0.141600
-0.056152
0.056152
0.102540
0.209960
0.123290
-0.061035
-0.029297
0.208740
0.319820
0.261230
0.411380
0.452880
0.245360
0.183110
0.108640
-0.087891
-0.208740
-0.302730
-0.349120
-0.278320
-0.184330
-0.119630
0.026855
0.192870
0.168460
0.046387
-0.019531
-0.112300
-0.321040
-0.203860
-0.115970
-0.061035
-0.125730
-0.046387
0.164790
0.052490
-0.111080
-0.222170
-0.437010
