-0.227050
-0.271000
-0.206300
-0.275880
-0.280760
-0.294190
-0.252690
-0.217290
-0.332030
-0.238040
-0.141600
-0.008545
-0.072021
-0.047607
0.120850
0.505370
0.539550
0.411380
0.139160
0.233150
0.321040
0.545650
0.660400
0.762940
0.825200
0.997310
1.025400
0.915530
0.800780
0.706790
0.450440
0.490720
0.458980
0.142820
0.078125
0.179440
0.471190
0.544430
0.383300
0.449220
0.549320
0.506590
0.299070
-0.042725
-0.189210
-0.264890
-0.388180
-0.194090
-0.340580
-0.343020
-0.349120
-0.360110
-0.181880
-0.177000
-0.184330
-0.196530
-0.291750
-0.407710
-0.473630
-0.531010
-0.635990
-0.599370
-0.511470
-0.512700
-0.421140
-0.170900
-0.019531
-0.151370
-0.093994
-0.184330
-0.203860
-0.302730
-0.434570
-0.532230
-0.397950
-0.167240
-0.012207
0.017090
-0.042725
-0.026855
0.014648
-0.191650
-0.115970
-0.261230
-0.290530
-0.201420
-0.432130
-0.440670
-0.562740
-0.678710
-0.445560
-0.479740
-0.584720
-0.545650
-0.161130
0.151370
0.025635
-0.075684
-0.120850
-0.076904
-0.118410
-0.106200
0.051270
0.163570
0.242920
0.302730
0.345460
0.451660
0.368650
0.231930
0.086670
0.120850
0.257570
0.253910
0.085449
-0.007324
0.162350
0.266110
0.483400
0.560300
0.310060
0.183110
0.151370
-0.025635
-0.114750
-0.031738
0.235600
0.333250
0.045166
-0.290530
-0.452880
-0.255130
-0.134280
-0.064697
-0.130620
-0.129390
-0.028076
0.092773
0.247800
0.301510
0.347900
0.144040
-0.091553
-0.260010
-0.340580
-0.300290
-0.141600
-0.225830
-0.299070
-0.383300
-0.319820
-0.098877
0.064697
0.051270
-0.104980
-0.157470
-0.113530
-0.177000
-0.184330
-0.150150
-0.164790
-0.269780
-0.388180
-0.502930
-0.289310
0.030518
0.373540
0.203860
-0.112300
-0.072021
0.047607
-0.050049
0.078125
0.216060
0.229490
0.164790
0.153810
0.321040
0.316160
0.145260
0.263670
0.285640
0.351560
0.323490
0.102540
0.159910
0.339360
0.246580
0.187990
0.250240
0.356450
0.295410
0.017090
-0.008545
0.186770
0.246580
0.191650
0.206300
0.258790
0.170900
0.158690
0.040283
-0.177000
-0.361330
-0.445560
-0.548100
-0.579830
-0.606690
-0.523680
-0.257570
-0.267330
-0.223390
-0.224610
-0.317380
-0.180660
-0.135500
-0.045166
0.025635
0.069580
0.023193
-0.083008
-0.065918
-0.051270
-0.174560
-0.242920
-0.156250
-0.020752
0.141600
0.272220
0.307620
0.281980
0.146480
0.052490
-0.140380
-0.042725
0.010986
0.053711
0.147710
0.036621
-0.003662
-0.015869
-0.034180
-0.076904
-0.093994
0.001221
0.167240
0.166020
0.130620
-0.023193
-0.006104
-0.106200
-0.064697
-0.043945
-0.155030
-0.235600
-0.271000
-0.250240
-0.266110
-0.236820
-0.054932
0.042725
0.087891
0.006104
0.031738
0.184330
0.355220
0.295410
0.159910
0.135500
0.043945
0.014648
0.048828
0.052490
0.128170
0.236820
0.364990
0.489500
0.325930
0.019531
-0.200200
-0.446780
-0.471190
-0.344240
-0.239260
-0.205080
-0.144040
-0.151370
0.019531
0.117190
0.098877
0.123290
0.003662
-0.236820
-0.443120
-0.373540
-0.178220
0.032959
0.213620
0.096436
0.075684
0.156250
0.006104
-0.018311
-0.100100
-0.074463
-0.035400
0.074463
0.141600
0.242920
0.360110
0.489500
0.378420
0.201420
0.267330
0.135500
0.048828
-0.089111
-0.057373
-0.009766
0.045166
0.096436
0.069580
0.104980
0.059814
0.216060
0.252690
0.148930
0.041504
0.006104
-0.101320
-0.128170
-0.164790
-0.206300
-0.164790
0.047607
0.328370
0.335690
0.253910
0.186770
-0.118410
-0.040283
0.236820
0.363770
0.457760
0.565190
0.548100
0.473630
0.399170
0.296630
0.150150
-0.041504
-0.164790
-0.296630
-0.063477
0.185550
0.310060
0.129390
-0.023193
-0.117190
-0.041504
0.025635
0.057373
0.109860
-0.023193
-0.189210
-0.209960
-0.198970
-0.472410
-0.644530
-0.637210
-0.616460
-0.454100
-0.405270
-0.332030
-0.301510
-0.233150
-0.333250
-0.417480
-0.399170
-0.429690
-0.389400
-0.358890
-0.371090
-0.167240
-0.101320
-0.057373
0.045166
0.167240
0.294190
0.277100
0.084229
0.123290
0.053711
-0.108640
-0.075684
0.047607
0.313720
0.401610
0.327150
0.311280
0.509030
0.787350
0.610350
0.454100
0.262450
0.096436
0.075684
0.128170
0.297850
0.462650
0.611570
0.618900
0.448000
0.345460
0.502930
0.562740
0.444340
-0.020752
-0.319820
-0.394290
-0.416260
-0.375980
-0.358890
-0.441890
-0.463870
-0.479740
-0.502930
-0.461430
-0.418700
-0.471190
-0.491940
-0.405270
-0.408940
-0.448000
-0.452880
-0.384520
-0.295410
-0.206300
-0.241700
-0.317380
-0.330810
-0.375980
-0.351560
-0.407710
-0.465090
-0.502930
-0.394290
-0.314940
-0.246580
-0.228270
-0.225830
-0.229490
-0.185550
-0.197750
-0.183110
-0.148930
-0.181880
-0.144040
-0.150150
-0.218510
-0.255130
-0.197750
-0.241700
-0.356450
-0.433350
-0.449220
-0.338130
-0.114750
-0.115970
-0.106200
-0.023193
0.065918
0.156250
0.238040
0.211180
0.299070
0.374760
0.405270
0.473630
0.476070
0.454100
0.535890
0.595700
0.576170
0.548100
0.574950
0.651860
0.744630
0.797120
0.869140
0.916750
0.926510
1.002200
1.079100
1.189000
1.334200
1.184100
1.059600
1.091300
1.278100
