0.194090
0.103760
0.021973
-0.101320
-0.184330
-0.172120
-0.141600
-0.092773
-0.024414
0.073242
0.097656
0.056152
-0.047607
0.046387
0.146480
0.024414
-0.151370
0.142820
0.379640
0.051270
-0.456540
-0.563960
-0.474850
-0.325930
-0.014648
0.100100
0.258790
0.407710
0.717770
0.920410
1.066900
0.892330
0.570070
0.394290
0.183110
-0.014648
-0.021973
0.187990
0.290530
0.170900
0.086670
0.123290
0.119630
0.118410
0.312500
0.206300
0.111080
-0.031738
-0.219730
-0.145260
-0.197750
-0.216060
-0.278320
-0.321040
-0.294190
-0.122070
-0.074463
-0.080566
-0.058594
-0.260010
-0.399170
-0.432130
-0.352780
-0.325930
-0.324710
-0.306400
-0.141600
0.017090
0.092773
0.268550
0.284420
0.106200
-0.015869
-0.030518
0.069580
0.280760
0.131840
-0.093994
-0.001221
0.058594
0.216060
-0.007324
-0.217290
-0.362550
-0.233150
-0.148930
-0.231930
-0.272220
-0.332030
-0.330810
-0.369870
-0.384520
-0.736080
-0.556640
-0.400390
-0.321040
-0.266110
-0.257570
-0.048828
0.098877
-0.078125
-0.137940
0.084229
-0.021973
-0.177000
-0.118410
0.084229
0.164790
0.089111
0.032959
0.206300
0.290530
0.347900
0.189210
0.061035
0.079346
0.155030
0.163570
0.382080
0.466310
0.430910
0.598140
0.700680
0.428470
0.240480
0.042725
-0.144040
-0.272220
-0.230710
-0.125730
0.004883
0.130620
-0.069580
-0.178220
-0.384520
-0.374760
-0.263670
-0.187990
0.037842
-0.103760
-0.181880
-0.184330
-0.306400
-0.079346
0.140380
0.037842
-0.035400
-0.351560
-0.550540
-0.439450
-0.185550
-0.196530
-0.228270
-0.234380
-0.102540
0.080566
0.246580
0.297850
0.310060
0.153810
-0.053711
-0.174560
-0.203860
-0.161130
-0.056152
-0.084229
0.078125
0.181880
0.368650
0.322270
0.030518
-0.107420
0.045166
0.166020
0.285640
0.360110
0.235600
0.093994
0.140380
-0.031738
-0.482180
-0.443120
-0.520020
-0.469970
-0.429690
-0.355220
-0.238040
-0.106200
0.002441
0.181880
0.167240
-0.247800
-0.429690
-0.302730
-0.162350
-0.047607
0.123290
0.277100
0.184330
-0.125730
-0.390630
-0.507810
-0.407710
-0.241700
-0.161130
-0.083008
0.050049
0.318600
0.739750
0.848390
0.572510
0.302730
-0.045166
-0.216060
-0.067139
0.021973
0.069580
0.026855
-0.157470
0.012207
0.078125
0.041504
-0.080566
-0.220950
-0.251460
-0.085449
-0.008545
0.067139
0.155030
0.065918
0.032959
0.057373
-0.072021
0.119630
0.098877
0.220950
0.225830
-0.046387
-0.054932
0.153810
0.379640
0.371090
0.382080
0.518800
0.468750
0.142820
0.015869
-0.272220
-0.372310
-0.317380
-0.010986
0.225830
0.281980
0.158690
0.183110
0.281980
0.220950
0.074463
-0.003662
0.008545
0.114750
0.247800
0.078125
0.136720
0.260010
0.126950
-0.043945
-0.119630
-0.030518
0.197750
-0.026855
0.013428
0.169680
0.227050
0.030518
-0.091553
-0.174560
-0.303960
-0.130620
0.131840
0.209960
0.015869
-0.104980
-0.153810
-0.250240
-0.339360
-0.328370
-0.194090
-0.175780
-0.103760
-0.157470
-0.321040
-0.478520
-0.273440
-0.006104
0.207520
0.294190
0.219730
0.189210
0.177000
0.225830
0.284420
0.112300
-0.148930
-0.175780
-0.075684
0.012207
0.039063
0.042725
-0.043945
-0.024414
0.041504
-0.137940
-0.354000
-0.479740
-0.413820
-0.393070
-0.245360
-0.153810
0.045166
0.233150
0.292970
0.052490
-0.067139
-0.070801
-0.068359
-0.178220
-0.257570
-0.356450
-0.302730
-0.053711
0.333250
0.496830
0.257570
0.142820
0.096436
0.144040
0.224610
0.377200
0.389400
0.438230
0.330810
0.371090
0.258790
0.207520
0.189210
0.120850
0.031738
-0.051270
0.026855
0.092773
0.024414
0.070801
0.129390
0.032959
0.104980
0.020752
0.007324
0.028076
0.029297
-0.091553
-0.068359
-0.040283
-0.061035
0.059814
0.006104
0.051270
-0.109860
-0.100100
-0.228270
-0.341800
-0.361330
-0.201420
-0.032959
0.142820
0.170900
0.191650
0.289310
0.501710
0.272220
0.075684
-0.037842
-0.197750
-0.321040
-0.271000
-0.256350
-0.268550
-0.423580
-0.466310
-0.264890
-0.231930
-0.279540
-0.183110
0.007324
0.212400
0.234380
0.217290
0.352780
0.443120
0.373540
0.325930
0.113530
-0.203860
-0.236820
-0.209960
-0.142820
-0.078125
0.047607
0.084229
-0.040283
-0.015869
0.054932
0.091553
0.179440
0.059814
-0.137940
-0.252690
-0.146480
0.008545
0.093994
0.029297
-0.063477
-0.030518
-0.059814
-0.050049
-0.046387
0.153810
0.257570
0.212400
0.137940
0.075684
-0.067139
-0.118410
-0.072021
-0.050049
0.001221
0.207520
0.557860
0.339360
0.151370
-0.009766
-0.065918
-0.058594
-0.130620
-0.217290
-0.159910
0.030518
0.177000
0.377200
0.460210
0.438230
0.399170
0.267330
-0.006104
-0.362550
-0.318600
-0.191650
-0.087891
-0.092773
-0.069580
0.146480
0.241700
0.275880
0.297850
0.140380
-0.050049
-0.230710
-0.343020
-0.485840
-0.383300
-0.327150
-0.218510
-0.162350
0.051270
0.191650
0.166020
0.189210
0.268550
0.235600
0.234380
0.268550
0.164790
-0.106200
-0.020752
-0.003662
-0.014648
-0.015869
0.010986
-0.062256
-0.008545
0.001221
0.048828
0.008545
-0.101320
-0.098877
-0.015869
-0.045166
-0.089111
-0.194090
-0.285640
