0.004883
0.009766
0.007324
0.168460
0.062256
-0.029297
0.015869
0.026855
0.020752
0.219730
0.379640
0.513920
0.255130
-0.041504
0.002441
0.078125
0.103760
0.253910
0.584720
0.715330
0.450440
0.128170
0.004883
0.092773
0.189210
0.107420
0.109860
0.161130
0.107420
0.230710
0.196530
0.040283
0.010986
-0.056152
-0.115970
-0.156250
-0.167240
-0.142820
0.061035
0.009766
0.036621
-0.133060
-0.251460
-0.111080
-0.042725
0.008545
-0.020752
-0.242920
-0.399170
-0.246580
-0.170900
-0.303960
-0.390630
-0.388180
-0.350340
-0.239260
-0.225830
-0.170900
-0.192870
-0.209960
-0.242920
-0.338130
-0.490720
-0.576170
-0.743410
-0.799560
-0.849610
-0.839840
-0.897220
-0.932620
-0.959470
-0.891110
-0.699460
-0.485840
-0.308840
-0.213620
-0.175780
-0.175780
-0.023193
0.146480
0.369870
0.236820
0.061035
0.039063
-0.035400
-0.041504
-0.009766
-0.263670
-0.413820
-0.256350
-0.250240
-0.261230
-0.141600
-0.034180
0.017090
-0.115970
-0.018311
-0.107420
-0.070801
0.084229
-0.004883
0.014648
0.017090
-0.032959
0.096436
0.152590
0.289310
0.338130
0.385740
0.341800
0.388180
0.511470
0.631100
0.581050
0.437010
0.374760
0.214840
0.144040
0.134280
0.031738
-0.192870
-0.106200
0.096436
-0.048828
-0.100100
-0.156250
-0.201420
-0.274660
-0.106200
-0.048828
-0.167240
-0.319820
-0.435790
-0.472410
-0.439450
-0.155030
0.181880
0.310060
0.401610
0.562740
0.463870
0.299070
0.131840
-0.009766
-0.136720
-0.214840
-0.166020
-0.052490
0.170900
0.335690
0.605470
0.689700
0.489500
-0.150150
-0.297850
-0.063477
-0.114750
-0.126950
-0.102540
-0.185550
-0.002441
-0.059814
-0.059814
0.031738
0.122070
-0.061035
-0.175780
-0.228270
-0.244140
-0.170900
-0.054932
-0.026855
0.019531
0.183110
0.191650
0.275880
0.224610
0.177000
0.031738
-0.023193
-0.100100
-0.095215
0.026855
0.006104
0.090332
0.205080
0.240480
0.125730
0.175780
0.147710
0.112300
0.177000
0.090332
-0.068359
0.222170
0.360110
0.245360
0.152590
-0.025635
-0.050049
0.046387
0.129390
0.194090
0.111080
0.197750
0.351560
0.501710
0.264890
-0.051270
-0.129390
-0.279540
-0.456540
-0.748290
-0.612790
-0.334470
-0.192870
-0.051270
-0.118410
-0.122070
-0.065918
-0.083008
-0.167240
-0.151370
-0.078125
-0.046387
-0.065918
0.168460
0.252690
0.256350
0.147710
-0.015869
-0.189210
-0.197750
0.026855
-0.172120
-0.283200
0.067139
0.278320
0.330810
0.366210
0.383300
0.401610
0.357670
0.438230
0.434570
0.397950
0.231930
0.040283
-0.007324
-0.537110
-0.866700
-0.783690
-0.784910
-0.694580
-0.595700
-0.344240
-0.196530
-0.084229
-0.019531
-0.018311
-0.069580
0.004883
0.136720
0.207520
0.322270
0.152590
0.130620
0.214840
0.169680
0.131840
0.085449
0.039063
-0.017090
-0.135500
-0.067139
0.018311
0.006104
0.080566
-0.048828
-0.198970
-0.090332
-0.009766
0.080566
-0.020752
-0.079346
-0.111080
-0.239260
-0.115970
-0.057373
0.018311
0.098877
-0.046387
0.072021
0.268550
0.229490
0.174560
0.125730
0.175780
0.455320
0.404050
0.244140
0.189210
0.098877
-0.074463
-0.163570
-0.057373
-0.032959
-0.063477
-0.162350
-0.146480
-0.150150
-0.174560
-0.113530
0.091553
0.292970
0.341800
0.020752
-0.181880
-0.266110
-0.200200
-0.194090
-0.233150
-0.247800
-0.173340
0.125730
0.325930
0.384520
0.424800
0.288090
-0.195310
-0.585940
-0.632320
-0.428470
-0.135500
-0.009766
-0.113530
-0.117190
0.109860
0.036621
-0.112300
-0.115970
-0.212400
-0.096436
0.133060
0.355220
0.159910
0.205080
0.421140
0.368650
0.296630
0.156250
0.169680
0.217290
0.111080
0.115970
0.047607
0.140380
0.074463
0.045166
0.111080
0.189210
0.150150
0.163570
0.191650
0.329590
0.278320
0.092773
-0.097656
-0.118410
0.009766
0.019531
0.052490
0.053711
-0.010986
-0.085449
0.021973
0.164790
0.267330
0.065918
-0.087891
-0.161130
-0.284420
-0.285640
-0.209960
-0.151370
-0.078125
0.046387
0.014648
0.200200
0.393070
0.349120
0.305180
0.024414
-0.034180
0.024414
0.062256
0.045166
0.091553
0.157470
0.173340
0.129390
0.169680
0.203860
0.161130
-0.061035
-0.227050
-0.313720
-0.080566
0.335690
0.407710
0.437010
0.523680
0.438230
0.329590
0.272220
0.339360
0.157470
-0.202640
-0.405270
-0.325930
-0.335690
-0.187990
-0.096436
0.028076
0.003662
-0.013428
-0.125730
-0.142820
0.091553
0.269780
0.341800
0.266110
0.281980
0.300290
0.213620
0.102540
-0.086670
-0.308840
-0.455320
-0.505370
-0.394290
-0.074463
-0.035400
-0.080566
-0.028076
0.192870
0.251460
0.175780
0.100100
0.043945
0.106200
-0.043945
-0.251460
-0.217290
-0.144040
-0.111080
-0.172120
-0.126950
-0.128170
-0.086670
-0.159910
0.030518
0.050049
-0.122070
-0.224610
-0.277100
-0.241700
-0.184330
-0.162350
-0.316160
-0.251460
-0.148930
-0.075684
-0.062256
-0.126950
-0.152590
-0.008545
0.020752
0.109860
0.195310
0.102540
0.051270
0.146480
0.135500
0.129390
-0.164790
-0.255130
-0.307620
-0.311280
-0.350340
-0.405270
-0.312500
-0.307620
-0.267330
-0.054932
0.126950
0.325930
0.393070
0.336910
-0.151370
