0.256350
0.157470
0.125730
0.083008
-0.017090
0.001221
-0.008545
-0.108640
0.064697
0.054932
-0.083008
-0.305180
-0.112300
-0.052490
0.067139
0.086670
0.219730
0.589600
0.750730
0.322270
-0.194090
-0.156250
-0.009766
0.155030
0.286870
0.330810
0.373540
0.313720
0.428470
0.510250
0.731200
0.517580
0.386960
0.034180
-0.041504
0.125730
0.340580
0.504150
0.607910
0.148930
0.063477
0.524900
0.819090
0.845950
0.650630
0.549320
0.385740
0.141600
-0.310060
-0.531010
-0.539550
-0.594480
-0.478520
-0.383300
-0.257570
-0.302730
-0.260010
-0.019531
-0.091553
-0.322270
-0.274660
-0.273440
-0.107420
0.122070
0.003662
-0.118410
-0.161130
-0.177000
-0.107420
-0.036621
-0.125730
-0.473630
-0.565190
-0.280760
-0.013428
0.013428
0.068359
-0.256350
-0.303960
-0.103760
0.092773
-0.039063
-0.227050
-0.341800
-0.211180
-0.001221
-0.296630
-0.720210
-0.659180
-0.589600
-0.339360
-0.211180
-0.283200
-0.444340
-0.372310
-0.228270
-0.072021
-0.018311
0.061035
-0.114750
-0.544430
-0.714110
-0.565190
-0.583500
-0.631100
-0.440670
-0.257570
-0.301510
-0.528560
-0.642090
-0.421140
-0.246580
-0.073242
0.063477
0.112300
-0.073242
-0.131840
-0.070801
0.175780
0.340580
0.319820
0.473630
0.505370
0.401610
0.396730
0.394290
0.177000
-0.078125
-0.092773
-0.029297
0.013428
-0.087891
-0.262450
-0.242920
0.057373
0.545650
0.773930
0.446780
0.275880
0.207520
0.073242
0.086670
0.050049
0.043945
-0.128170
0.079346
-0.048828
-0.377200
-0.548100
-0.581050
-0.312500
-0.144040
-0.179440
-0.190430
-0.168460
-0.306400
-0.280760
-0.173340
-0.054932
0.006104
-0.091553
-0.316160
-0.290530
-0.097656
-0.161130
-0.264890
-0.297850
-0.412600
-0.345460
-0.063477
-0.078125
0.042725
0.240480
-0.010986
0.208740
0.380860
0.169680
-0.169680
-0.141600
0.362550
0.360110
0.330810
0.325930
0.375980
-0.052490
-0.388180
-0.391850
-0.275880
-0.158690
-0.106200
-0.126950
0.025635
0.203860
0.048828
-0.015869
-0.051270
0.109860
0.113530
0.128170
0.137940
0.102540
0.152590
-0.010986
0.021973
0.187990
0.139160
0.098877
0.118410
0.213620
0.236820
0.239260
0.203860
0.190430
-0.013428
0.061035
0.117190
0.139160
0.341800
0.294190
0.275880
0.155030
-0.112300
-0.170900
0.061035
0.264890
0.271000
0.135500
0.125730
0.002441
-0.003662
0.080566
0.220950
0.159910
0.139160
-0.010986
0.102540
0.291750
0.297850
-0.012207
-0.114750
-0.128170
-0.054932
0.217290
0.288090
0.189210
0.174560
0.350340
0.606690
0.668950
0.625000
0.540770
0.252690
0.059814
-0.102540
-0.097656
0.059814
0.144040
0.247800
0.332030
0.415040
0.347900
0.367430
0.340580
0.313720
0.306400
0.301510
0.174560
-0.020752
0.123290
0.285640
0.250240
0.211180
0.211180
0.186770
0.224610
0.264890
0.386960
0.289310
0.351560
0.227050
0.097656
0.089111
0.212400
0.301510
0.191650
0.362550
0.538330
0.419920
0.363770
0.218510
0.068359
0.079346
0.275880
0.247800
0.081787
-0.068359
-0.274660
-0.235600
-0.194090
-0.084229
-0.252690
-0.285640
-0.159910
-0.008545
0.125730
0.208740
0.300290
0.297850
0.177000
-0.085449
-0.184330
-0.223390
-0.147710
-0.039063
0.001221
-0.036621
0.010986
0.152590
0.017090
-0.081787
-0.085449
-0.170900
0.092773
0.095215
-0.090332
-0.123290
-0.194090
-0.234380
-0.157470
0.048828
-0.069580
-0.324710
-0.579830
-0.339360
-0.296630
-0.412600
-0.454100
-0.516360
-0.335690
-0.080566
0.019531
0.092773
0.023193
-0.181880
-0.114750
0.047607
0.084229
0.019531
-0.213620
-0.323490
-0.156250
0.035400
-0.139160
-0.122070
-0.051270
-0.291750
-0.456540
-0.595700
-0.455320
-0.321040
-0.256350
0.052490
0.109860
0.045166
-0.028076
-0.001221
0.021973
0.025635
-0.067139
-0.225830
-0.339360
-0.394290
-0.327150
-0.118410
0.122070
0.180660
0.177000
0.423580
0.562740
0.253910
-0.068359
-0.169680
-0.014648
-0.104980
-0.200200
-0.209960
-0.101320
-0.091553
-0.152590
-0.212400
-0.356450
-0.310060
-0.333250
-0.178220
0.002441
0.114750
0.256350
0.406490
0.299070
0.146480
-0.081787
-0.424800
-0.592040
-0.552980
-0.397950
-0.375980
-0.332030
-0.211180
-0.087891
0.052490
0.067139
0.125730
0.192870
0.321040
0.185550
0.020752
-0.059814
0.030518
0.122070
0.111080
0.217290
0.087891
-0.025635
-0.192870
-0.118410
0.052490
0.043945
0.076904
0.053711
0.083008
-0.032959
-0.250240
-0.262450
-0.102540
-0.139160
-0.251460
-0.258790
-0.074463
-0.043945
0.252690
0.219730
0.148930
0.128170
0.023193
-0.064697
-0.223390
-0.238040
0.052490
0.025635
-0.324710
-0.629880
-0.433350
-0.321040
-0.278320
-0.274660
-0.255130
-0.089111
0.167240
0.357670
0.228270
0.065918
0.026855
0.018311
-0.042725
-0.081787
-0.032959
0.120850
0.140380
0.092773
-0.047607
-0.144040
-0.205080
-0.018311
-0.100100
-0.119630
-0.123290
-0.278320
-0.333250
-0.349120
-0.374760
-0.328370
0.031738
0.201420
0.290530
0.031738
0.063477
0.197750
0.095215
-0.098877
-0.107420
-0.162350
-0.227050
-0.124510
-0.015869
-0.031738
-0.007324
0.000000
-0.120850
-0.012207
0.006104
