-0.024414
0.051270
-0.030518
-0.015869
0.004883
-0.029297
0.075684
0.067139
0.057373
0.040283
0.014648
-0.139160
-0.144040
-0.150150
-0.037842
0.006104
0.183110
0.435790
0.371090
0.239260
0.205080
0.194090
0.207520
0.306400
0.466310
0.328370
0.461430
0.440670
0.441890
0.404050
0.396730
0.042725
-0.255130
-0.458980
-0.378420
-0.289310
-0.266110
0.136720
0.278320
0.227050
0.148930
0.179440
0.245360
0.491940
0.546880
0.319820
-0.172120
-0.460210
-0.234380
-0.128170
-0.162350
-0.169680
-0.296630
-0.364990
-0.076904
0.024414
0.058594
0.058594
0.028076
-0.168460
-0.155030
0.001221
-0.068359
-0.086670
0.024414
0.067139
0.000000
-0.019531
-0.072021
-0.040283
0.074463
0.170900
0.238040
-0.024414
-0.183110
-0.246580
-0.327150
-0.050049
0.363770
0.274660
0.007324
-0.343020
-0.242920
-0.207520
-0.107420
-0.036621
-0.471190
-0.611570
-0.222170
-0.029297
-0.087891
-0.257570
-0.133060
-0.045166
0.050049
0.010986
-0.085449
0.200200
0.184330
-0.041504
-0.236820
-0.565190
-0.598140
-0.429690
-0.292970
-0.019531
0.284420
0.305180
-0.009766
-0.152590
-0.258790
-0.052490
0.218510
0.008545
-0.364990
-0.506590
-0.434570
-0.133060
0.051270
0.158690
0.024414
-0.046387
0.169680
0.379640
0.366210
0.437010
0.186770
0.261230
0.401610
0.369870
0.253910
0.386960
0.642090
0.511470
-0.144040
-0.520020
-0.583500
-0.500490
-0.357670
0.036621
0.472410
0.086670
-0.279540
-0.051270
0.081787
0.042725
-0.269780
-0.417480
-0.383300
-0.299070
-0.161130
-0.068359
-0.297850
-0.522460
-0.344240
-0.358890
-0.355220
-0.203860
0.007324
0.117190
0.087891
-0.032959
-0.043945
0.015869
-0.042725
-0.455320
-0.587160
-0.649410
-0.585940
-0.474850
-0.358890
-0.299070
-0.278320
-0.219730
-0.122070
0.124510
0.373540
0.394290
0.355220
0.255130
0.224610
0.260010
0.140380
0.064697
0.264890
0.161130
-0.130620
-0.163570
-0.025635
0.052490
0.079346
0.294190
0.532230
0.577390
0.458980
0.388180
0.144040
-0.231930
-0.233150
-0.208740
-0.117190
-0.113530
-0.018311
0.095215
0.129390
0.108640
0.043945
-0.051270
-0.209960
-0.073242
-0.113530
-0.144040
-0.174560
-0.278320
-0.192870
-0.014648
-0.277100
-0.332030
-0.151370
0.205080
0.389400
0.213620
0.300290
0.305180
0.367430
0.290530
0.310060
0.314940
0.222170
0.017090
-0.029297
0.001221
0.120850
-0.001221
-0.097656
-0.040283
0.063477
0.061035
0.301510
0.551760
0.477290
0.050049
-0.251460
-0.368650
-0.207520
-0.010986
-0.008545
0.150150
0.280760
0.375980
0.295410
0.025635
-0.162350
-0.161130
-0.126950
-0.039063
0.083008
0.151370
0.321040
0.489500
0.317380
-0.153810
-0.294190
-0.227050
-0.006104
0.159910
0.085449
0.134280
0.209960
0.213620
0.196530
0.084229
0.002441
-0.146480
-0.264890
-0.125730
0.003662
0.052490
0.312500
0.343020
0.247800
0.219730
0.295410
0.224610
0.085449
0.042725
0.080566
0.045166
0.083008
0.175780
0.212400
0.229490
0.324710
0.402830
0.179440
-0.093994
-0.382080
-0.441890
-0.202640
0.177000
0.505370
0.623780
0.535890
0.239260
0.146480
0.223390
0.167240
-0.201420
-0.319820
-0.462650
-0.533450
-0.336910
-0.104980
0.170900
0.427250
0.307620
0.184330
0.086670
-0.084229
-0.214840
-0.297850
-0.303960
-0.148930
-0.103760
-0.062256
0.067139
-0.007324
-0.007324
0.051270
0.075684
-0.030518
-0.244140
-0.301510
-0.181880
0.012207
0.004883
0.147710
0.224610
0.192870
0.018311
-0.006104
-0.257570
-0.341800
-0.310060
-0.148930
-0.111080
-0.008545
0.040283
0.010986
-0.010986
-0.018311
0.029297
0.164790
0.260010
0.157470
0.017090
0.041504
0.125730
0.231930
0.368650
0.166020
0.115970
-0.061035
-0.047607
0.147710
0.224610
0.145260
0.093994
0.048828
-0.113530
-0.091553
0.040283
0.090332
0.173340
0.249020
0.457760
0.437010
0.363770
0.339360
0.369870
0.144040
0.035400
-0.197750
-0.300290
-0.261230
-0.052490
0.001221
0.130620
0.324710
0.358890
0.428470
0.426030
0.000000
-0.231930
-0.225830
-0.205080
-0.450440
-0.496830
-0.350340
-0.133060
0.076904
0.128170
-0.023193
-0.332030
-0.338130
-0.351560
-0.472410
-0.494380
-0.218510
0.026855
0.117190
0.211180
0.052490
0.020752
-0.008545
-0.035400
-0.015869
-0.081787
0.004883
0.074463
0.086670
-0.162350
-0.170900
0.015869
0.030518
0.113530
0.062256
-0.035400
-0.122070
-0.173340
-0.201420
0.025635
0.074463
0.156250
0.192870
0.051270
0.009766
0.058594
0.328370
0.224610
0.102540
-0.168460
-0.246580
-0.084229
-0.056152
-0.015869
-0.014648
0.014648
0.056152
0.019531
0.067139
-0.015869
-0.106200
-0.205080
-0.161130
-0.234380
-0.415040
-0.457760
-0.329590
-0.206300
0.012207
0.384520
0.590820
0.324710
-0.021973
-0.288090
-0.457760
-0.424800
-0.440670
-0.473630
-0.349120
-0.355220
-0.235600
0.054932
0.227050
0.534670
0.590820
0.318600
-0.029297
-0.341800
-0.374760
-0.275880
-0.150150
-0.406490
-0.467530
-0.364990
-0.189210
0.131840
0.260010
-0.113530
-0.117190
-0.075684
-0.126950
-0.228270
-0.262450
-0.197750
-0.192870
-0.256350
-0.161130
-0.026855
