-0.100100
-0.097656
-0.042725
-0.008545
0.114750
0.317380
0.383300
0.275880
0.220950
0.275880
0.375980
0.400390
0.367430
0.234380
0.073242
0.015869
0.205080
0.462650
0.617680
0.391850
-0.080566
-0.400390
-0.288090
-0.351560
-0.288090
-0.076904
-0.034180
0.152590
0.334470
0.283200
0.394290
0.306400
-0.063477
-0.093994
0.004883
-0.092773
-0.158690
-0.026855
0.163570
0.218510
0.238040
0.019531
-0.236820
-0.006104
0.301510
0.429690
0.211180
-0.148930
-0.255130
-0.201420
-0.123290
-0.196530
-0.249020
-0.229490
-0.146480
0.085449
0.130620
0.283200
0.240480
0.174560
-0.018311
-0.294190
-0.346680
-0.203860
-0.190430
-0.065918
0.124510
0.104980
0.093994
0.272220
0.222170
0.313720
0.328370
-0.093994
-0.336910
-0.399170
-0.247800
-0.491940
-0.551760
-0.439450
-0.421140
-0.413820
-0.328370
-0.242920
-0.335690
-0.554200
-0.532230
-0.466310
-0.345460
-0.349120
-0.269780
-0.268550
-0.093994
0.190430
0.502930
0.452880
-0.006104
-0.113530
0.001221
0.001221
-0.253910
-0.452880
-0.426030
-0.242920
-0.042725
0.081787
0.172120
0.227050
0.316160
0.303960
0.175780
0.222170
0.258790
0.374760
0.317380
0.155030
0.172120
0.206300
0.130620
-0.045166
-0.244140
-0.227050
0.018311
0.227050
0.211180
0.173340
0.104980
-0.001221
-0.117190
-0.198970
-0.146480
-0.216060
-0.129390
-0.117190
0.091553
0.264890
0.472410
0.452880
0.211180
0.032959
-0.373540
-0.415040
-0.593260
-0.638430
-0.462650
-0.109860
0.081787
0.211180
-0.130620
-0.363770
-0.419920
-0.437010
-0.302730
-0.169680
-0.274660
-0.432130
-0.456540
-0.269780
-0.220950
-0.079346
-0.109860
-0.175780
-0.245360
-0.067139
0.288090
0.316160
0.317380
0.013428
-0.411380
-0.468750
-0.466310
-0.362550
-0.164790
0.006104
0.103760
0.091553
0.219730
0.496830
0.260010
-0.278320
-0.239260
-0.137940
-0.184330
-0.195310
-0.137940
0.041504
0.239260
0.383300
0.299070
0.205080
0.096436
-0.069580
-0.228270
-0.158690
-0.083008
0.001221
-0.030518
-0.063477
-0.098877
-0.089111
-0.007324
0.064697
-0.046387
-0.234380
-0.233150
-0.089111
0.095215
0.330810
0.355220
0.076904
-0.299070
-0.345460
-0.212400
-0.178220
-0.070801
-0.073242
0.057373
0.052490
-0.220950
-0.344240
-0.446780
-0.601810
-0.517580
-0.323490
0.069580
0.197750
0.106200
-0.032959
-0.156250
-0.255130
-0.167240
-0.324710
-0.360110
-0.103760
-0.068359
0.054932
0.118410
-0.056152
-0.140380
-0.034180
-0.087891
-0.091553
-0.109860
-0.025635
0.035400
0.255130
0.314940
0.325930
0.172120
-0.085449
-0.181880
-0.051270
0.040283
-0.028076
0.142820
0.274660
0.118410
0.081787
0.108640
0.050049
-0.166020
-0.258790
-0.151370
0.019531
-0.028076
-0.367430
-0.147710
0.144040
0.097656
0.137940
0.034180
-0.161130
-0.211180
-0.086670
0.006104
0.119630
0.159910
-0.136720
-0.032959
0.238040
0.360110
0.438230
0.338130
0.097656
-0.102540
-0.146480
-0.084229
-0.164790
-0.086670
-0.001221
0.119630
0.150150
0.144040
0.200200
0.184330
0.201420
0.006104
-0.161130
-0.239260
-0.332030
-0.247800
-0.050049
-0.002441
0.113530
0.140380
0.153810
0.172120
0.056152
0.089111
-0.006104
-0.213620
-0.299070
-0.203860
0.163570
0.042725
-0.129390
-0.162350
0.009766
0.366210
0.623780
0.572510
0.469970
0.551760
0.429690
0.364990
0.230710
0.434570
0.494380
0.360110
0.415040
0.214840
0.032959
0.058594
0.090332
0.072021
0.218510
0.362550
0.202640
0.379640
0.472410
0.505370
0.592040
0.654300
0.520020
0.034180
-0.083008
-0.111080
0.018311
0.102540
0.297850
0.450440
0.435790
0.224610
0.017090
0.037842
0.219730
0.402830
0.296630
0.279540
0.241700
0.255130
0.252690
0.111080
0.166020
0.174560
0.197750
0.312500
0.325930
0.286870
0.352780
0.429690
0.234380
0.084229
-0.070801
-0.148930
-0.142820
-0.059814
0.104980
0.190430
0.181880
0.131840
0.102540
0.081787
-0.007324
-0.065918
-0.185550
-0.001221
0.180660
0.236820
0.222170
0.191650
0.067139
-0.063477
0.020752
0.163570
0.294190
0.261230
-0.003662
-0.272220
-0.185550
-0.058594
-0.070801
-0.034180
0.013428
0.034180
0.061035
0.146480
0.101320
0.185550
0.067139
-0.051270
-0.174560
-0.180660
-0.135500
-0.069580
-0.129390
-0.140380
-0.137940
-0.086670
-0.104980
-0.169680
-0.142820
-0.211180
-0.224610
-0.252690
-0.319820
-0.332030
-0.373540
-0.362550
-0.264890
-0.017090
0.056152
0.177000
0.278320
0.516360
0.588380
0.520020
0.456540
0.086670
0.028076
-0.021973
0.078125
-0.023193
-0.278320
-0.405270
-0.245360
0.009766
0.206300
0.218510
0.278320
0.235600
-0.107420
-0.439450
-0.401610
-0.448000
-0.401610
-0.311280
-0.258790
-0.332030
-0.358890
-0.181880
0.008545
0.223390
0.189210
0.107420
0.086670
0.050049
0.035400
-0.173340
-0.316160
-0.439450
-0.462650
-0.437010
-0.469970
-0.476070
-0.318600
-0.078125
0.141600
0.092773
-0.056152
-0.246580
-0.281980
-0.435790
-0.561520
-0.632320
-0.616460
-0.627440
-0.501710
-0.373540
-0.374760
-0.379640
-0.335690
-0.251460
-0.100100
-0.166020
-0.141600
-0.109860
-0.037842
-0.090332
-0.059814
