-0.229490
-0.120850
0.137940
0.184330
0.274660
0.169680
0.117190
0.002441
-0.111080
-0.021973
-0.145260
-0.227050
-0.148930
-0.012207
0.046387
0.196530
0.218510
0.321040
0.576170
0.446780
0.229490
0.297850
0.272220
0.098877
0.245360
0.155030
0.229490
0.395510
0.352780
0.173340
0.083008
0.100100
-0.115970
-0.028076
0.158690
0.123290
-0.145260
-0.119630
0.139160
0.427250
0.541990
0.390630
0.378420
0.283200
-0.013428
-0.122070
-0.189210
-0.462650
-0.413820
-0.328370
-0.200200
-0.177000
-0.312500
-0.288090
0.001221
0.076904
0.045166
-0.089111
-0.198970
-0.217290
-0.211180
-0.250240
-0.161130
-0.067139
0.064697
0.284420
0.455320
0.736080
0.557860
0.164790
-0.031738
0.056152
-0.063477
-0.122070
-0.067139
-0.109860
-0.142820
-0.244140
0.063477
0.224610
0.041504
-0.063477
-0.350340
-0.474850
-0.429690
-0.344240
-0.233150
-0.288090
-0.235600
-0.230710
-0.181880
0.030518
0.144040
0.075684
0.212400
0.213620
-0.211180
-0.314940
-0.285640
-0.211180
-0.224610
-0.213620
-0.113530
-0.136720
-0.109860
-0.124510
0.231930
0.410160
0.284420
0.286870
0.084229
-0.003662
0.031738
0.089111
-0.054932
-0.015869
-0.053711
-0.018311
0.260010
0.678710
0.678710
0.548100
0.582280
0.397950
0.452880
0.356450
0.346680
0.374760
0.202640
-0.010986
0.026855
0.137940
0.128170
0.285640
0.490720
0.371090
0.177000
-0.234380
-0.163570
-0.086670
-0.091553
-0.264890
-0.349120
-0.222170
-0.113530
0.137940
0.439450
0.493160
0.061035
-0.407710
-0.539550
-0.354000
-0.187990
-0.013428
0.144040
-0.057373
-0.502930
-0.606690
-0.283200
-0.260010
-0.344240
-0.230710
-0.074463
0.181880
0.385740
0.283200
-0.146480
-0.401610
-0.715330
-0.693360
-0.593260
-0.385740
-0.208740
-0.164790
-0.086670
0.012207
0.067139
-0.075684
-0.262450
-0.250240
-0.294190
-0.246580
-0.051270
-0.167240
-0.240480
-0.064697
-0.145260
-0.126950
-0.032959
-0.079346
-0.046387
-0.036621
-0.078125
-0.029297
-0.098877
-0.186770
-0.201420
-0.053711
-0.069580
-0.087891
-0.084229
-0.122070
-0.211180
-0.279540
-0.303960
-0.391850
-0.427250
-0.488280
-0.566410
-0.504150
-0.300290
-0.001221
0.312500
0.434570
0.417480
0.323490
0.223390
-0.036621
-0.095215
-0.151370
-0.242920
-0.354000
-0.296630
-0.076904
0.112300
0.355220
0.445560
0.314940
0.241700
0.253910
0.134280
0.095215
-0.113530
-0.137940
-0.050049
0.004883
0.010986
0.040283
0.072021
-0.043945
-0.069580
-0.219730
-0.190430
0.002441
0.173340
0.191650
0.255130
0.097656
-0.053711
-0.032959
-0.161130
0.050049
0.134280
-0.004883
-0.119630
-0.141600
-0.224610
-0.354000
-0.438230
-0.354000
-0.311280
-0.336910
-0.319820
-0.312500
-0.131840
0.061035
0.063477
0.004883
-0.035400
0.084229
0.151370
-0.065918
-0.340580
-0.511470
-0.576170
-0.469970
-0.238040
-0.166020
-0.136720
-0.065918
-0.313720
-0.229490
-0.133060
-0.096436
-0.135500
-0.277100
-0.231930
-0.081787
0.181880
0.612790
0.834960
0.767820
0.262450
-0.147710
-0.230710
-0.126950
-0.048828
-0.041504
0.058594
0.167240
0.390630
0.548100
0.643310
0.697020
0.551760
0.292970
0.229490
0.281980
0.261230
0.280760
0.103760
0.244140
0.319820
0.357670
0.344240
0.426030
0.379640
0.493160
0.367430
0.025635
-0.168460
-0.139160
-0.075684
0.006104
0.202640
0.280760
0.393070
0.606690
0.842290
0.518800
0.028076
-0.279540
-0.296630
-0.241700
-0.057373
0.003662
0.075684
0.202640
0.413820
0.557860
0.469970
0.277100
-0.048828
-0.141600
-0.098877
-0.144040
-0.012207
0.075684
0.258790
0.328370
0.281980
0.241700
0.129390
-0.095215
-0.240480
-0.301510
-0.274660
-0.059814
-0.168460
-0.148930
0.109860
0.319820
0.428470
0.290530
0.197750
0.170900
0.023193
-0.272220
-0.407710
-0.469970
-0.493160
-0.332030
-0.030518
0.034180
0.032959
-0.015869
-0.117190
-0.258790
-0.194090
-0.144040
-0.139160
-0.159910
-0.145260
0.129390
0.302730
0.360110
0.324710
0.166020
-0.084229
-0.031738
-0.040283
-0.192870
-0.216060
-0.074463
-0.134280
-0.034180
0.206300
0.266110
0.230710
0.058594
0.093994
0.070801
0.029297
-0.006104
-0.003662
0.017090
0.125730
0.186770
0.058594
0.015869
0.015869
0.119630
0.050049
-0.024414
-0.029297
0.096436
0.285640
0.261230
0.159910
0.046387
0.034180
0.063477
0.136720
0.292970
0.296630
0.211180
0.219730
0.074463
-0.059814
-0.200200
-0.286870
-0.364990
-0.401610
-0.485840
-0.382080
-0.162350
0.125730
0.394290
0.310060
0.135500
0.123290
-0.078125
-0.310060
-0.473630
-0.535890
-0.627440
-0.635990
-0.498050
-0.336910
-0.098877
0.112300
0.222170
0.415040
0.622560
0.732420
0.598140
0.462650
0.112300
0.113530
0.185550
0.273440
0.178220
0.158690
0.363770
0.344240
0.214840
0.018311
-0.109860
-0.169680
-0.174560
-0.217290
-0.096436
-0.093994
-0.039063
-0.079346
-0.216060
-0.245360
-0.086670
0.170900
0.216060
0.191650
0.123290
0.045166
0.090332
0.042725
0.008545
-0.057373
-0.040283
0.008545
0.134280
0.336910
0.318600
0.277100
0.192870
0.056152
-0.113530
-0.382080
-0.449220
-0.307620
-0.183110
