0.273440
0.083008
-0.050049
-0.063477
-0.078125
-0.070801
-0.014648
-0.037842
-0.097656
-0.142820
-0.140380
-0.048828
0.023193
0.112300
0.196530
-0.043945
-0.001221
0.078125
0.128170
-0.034180
-0.207520
-0.213620
-0.295410
-0.258790
-0.219730
-0.010986
0.050049
0.130620
0.203860
0.263670
0.377200
0.219730
0.078125
0.268550
0.166020
-0.014648
-0.129390
-0.219730
-0.236820
-0.041504
0.084229
0.196530
0.247800
0.501710
0.693360
0.516360
0.217290
0.028076
-0.030518
-0.007324
-0.074463
-0.109860
-0.235600
-0.153810
-0.107420
-0.140380
-0.083008
-0.089111
-0.223390
-0.349120
-0.446780
-0.384520
-0.267330
-0.310060
-0.198970
-0.268550
-0.346680
-0.416260
-0.437010
-0.386960
-0.217290
-0.021973
0.101320
0.114750
-0.058594
-0.084229
-0.161130
-0.019531
-0.139160
-0.291750
-0.308840
-0.146480
-0.074463
-0.103760
-0.168460
-0.263670
-0.201420
-0.123290
-0.146480
-0.161130
-0.203860
0.041504
0.219730
0.240480
0.053711
-0.277100
-0.408940
-0.339360
-0.251460
-0.037842
-0.007324
0.030518
0.093994
0.229490
0.607910
0.563960
0.340580
0.303960
0.324710
0.510250
0.614010
0.440670
0.385740
0.444340
0.418700
0.272220
0.214840
0.239260
0.181880
-0.047607
-0.070801
0.102540
0.195310
0.335690
0.383300
0.312500
0.422360
0.402830
0.100100
0.002441
0.072021
0.100100
-0.144040
-0.341800
-0.401610
-0.251460
-0.133060
-0.059814
0.003662
-0.107420
-0.080566
-0.069580
0.034180
0.130620
0.173340
0.202640
0.291750
0.305180
0.449220
0.190430
0.156250
-0.047607
-0.142820
-0.036621
0.012207
-0.024414
0.122070
0.444340
0.551760
0.354000
0.162350
-0.067139
-0.290530
-0.335690
-0.324710
-0.356450
-0.323490
-0.334470
-0.126950
-0.130620
-0.152590
-0.053711
-0.269780
-0.166020
-0.258790
-0.303960
-0.179440
0.023193
0.092773
0.130620
0.217290
0.174560
0.115970
0.074463
-0.030518
-0.037842
0.036621
0.242920
0.285640
0.209960
0.101320
-0.098877
-0.174560
-0.196530
-0.021973
-0.050049
-0.253910
-0.190430
-0.103760
-0.211180
-0.194090
-0.166020
-0.269780
-0.306400
-0.280760
-0.083008
-0.010986
-0.118410
-0.072021
0.008545
-0.037842
-0.065918
-0.091553
-0.092773
0.100100
0.253910
0.136720
0.070801
0.123290
0.279540
0.345460
0.302730
0.136720
0.002441
0.123290
-0.062256
-0.158690
0.026855
0.145260
-0.142820
-0.236820
-0.190430
-0.104980
-0.004883
0.140380
0.202640
0.098877
0.030518
-0.175780
-0.227050
-0.241700
-0.209960
-0.218510
-0.050049
0.217290
0.197750
0.181880
0.139160
0.096436
0.095215
0.039063
-0.096436
-0.173340
-0.092773
0.035400
0.166020
0.173340
0.267330
0.214840
0.175780
-0.002441
-0.144040
-0.141600
-0.006104
0.153810
0.205080
0.312500
0.189210
0.148930
0.018311
-0.104980
-0.256350
-0.374760
-0.402830
-0.393070
-0.323490
-0.258790
-0.258790
-0.063477
-0.301510
-0.389400
-0.446780
-0.419920
-0.345460
-0.451660
-0.264890
-0.107420
-0.087891
0.014648
0.148930
0.217290
0.292970
0.249020
0.085449
-0.130620
-0.241700
-0.173340
-0.092773
-0.003662
-0.035400
0.240480
0.230710
0.161130
0.197750
0.042725
0.039063
0.080566
0.162350
0.114750
0.045166
0.151370
0.251460
0.261230
0.170900
0.107420
0.029297
0.026855
0.032959
-0.013428
0.051270
0.021973
0.078125
0.245360
0.286870
0.235600
0.294190
0.487060
0.349120
-0.024414
-0.200200
-0.327150
-0.313720
-0.177000
-0.019531
0.014648
0.067139
0.158690
0.114750
0.239260
0.233150
0.120850
0.093994
0.161130
0.217290
0.173340
0.187990
0.180660
0.178220
-0.178220
-0.373540
-0.205080
-0.051270
0.129390
0.205080
0.231930
0.131840
-0.058594
-0.070801
-0.247800
-0.186770
-0.129390
-0.073242
-0.007324
0.017090
-0.039063
-0.234380
-0.275880
-0.258790
-0.196530
-0.174560
-0.064697
-0.069580
-0.025635
0.347900
0.333250
0.244140
0.087891
-0.013428
-0.054932
-0.169680
-0.145260
-0.109860
-0.001221
-0.041504
0.032959
0.004883
0.140380
0.279540
0.396730
0.330810
0.277100
0.328370
0.313720
0.249020
0.180660
0.063477
-0.057373
-0.020752
0.096436
0.120850
0.075684
0.009766
0.107420
0.190430
0.087891
-0.008545
-0.002441
0.280760
0.305180
0.288090
0.092773
-0.207520
-0.091553
-0.048828
-0.004883
-0.162350
-0.388180
-0.595700
-0.465090
-0.246580
-0.102540
0.013428
-0.034180
-0.111080
-0.211180
-0.214840
-0.135500
-0.158690
-0.106200
0.012207
-0.041504
-0.142820
-0.277100
-0.277100
-0.272220
-0.260010
-0.214840
-0.181880
-0.050049
-0.014648
0.076904
0.023193
0.008545
-0.178220
-0.185550
-0.017090
-0.097656
-0.142820
-0.185550
-0.227050
-0.286870
-0.139160
-0.245360
-0.238040
-0.266110
-0.057373
0.064697
0.190430
0.325930
0.207520
0.205080
0.126950
0.048828
-0.117190
-0.300290
-0.246580
-0.108640
0.030518
0.080566
0.152590
0.155030
0.086670
0.051270
-0.046387
-0.070801
-0.166020
-0.163570
-0.211180
0.013428
0.230710
0.330810
0.294190
0.258790
0.168460
0.106200
0.045166
0.032959
-0.183110
-0.190430
-0.159910
-0.156250
-0.091553
-0.048828
0.062256
0.255130
0.201420
0.277100
0.333250
0.197750
0.234380
