-0.134280
-0.053711
-0.124510
-0.157470
-0.155030
-0.187990
-0.084229
0.139160
0.209960
0.187990
0.104980
-0.080566
-0.109860
-0.061035
0.043945
-0.029297
-0.181880
-0.042725
0.434570
0.820310
0.869140
0.618900
0.307620
0.340580
0.488280
0.355220
0.118410
0.080566
0.225830
0.347900
0.488280
0.639650
0.792240
0.656740
0.643310
0.567630
0.181880
0.223390
0.207520
0.329590
0.351560
0.074463
0.026855
0.203860
0.164790
0.098877
-0.095215
-0.208740
-0.426030
-0.592040
-0.749510
-0.756840
-0.699460
-0.810550
-0.903320
-0.975340
-0.983890
-1.086400
-1.097400
-1.058300
-0.989990
-1.026600
-1.087600
-1.132800
-1.248800
-1.268300
-1.215800
-1.230500
-1.264600
-1.259800
-1.240200
-1.262200
-1.239000
-1.234100
-1.273200
-1.296400
-1.279300
-1.210900
-1.174300
-1.120600
-1.012000
-0.948490
-0.943600
-0.972900
-0.911870
-0.872800
-0.845950
-0.772710
-0.668950
-0.615230
-0.550540
-0.468750
-0.363770
-0.303960
-0.339360
-0.303960
-0.247800
-0.169680
-0.035400
-0.002441
0.076904
0.198970
0.467530
0.902100
1.328100
1.721200
2.076400
2.384000
2.547600
2.567100
2.657500
2.833300
2.839400
2.657500
2.501200
2.368200
2.240000
2.303500
2.203400
2.010500
1.695600
1.129200
0.864260
0.620120
0.534670
0.450440
0.344240
0.743410
1.044900
1.147500
1.291500
1.468500
1.782200
1.918900
1.676000
1.546600
1.375700
1.165800
0.931400
0.762940
0.535890
0.439450
0.371090
0.408940
0.416260
0.336910
0.394290
0.574950
0.415040
0.123290
-0.072021
-0.311280
-0.537110
-0.690920
-0.843510
-1.036400
-1.175500
-1.274400
-1.218300
-1.358600
-1.451400
-1.468500
-1.564900
-1.519800
-1.497800
-1.461200
-1.457500
-1.439200
-1.356200
-1.290300
-1.340300
-1.336700
-1.204800
-1.231700
-1.196300
-1.134000
-1.129200
-1.108400
-1.014400
-0.930180
-0.820310
-0.682370
-0.545650
-0.460210
-0.430910
-0.386960
-0.366210
-0.273440
-0.202640
-0.170900
-0.147710
-0.151370
-0.067139
-0.008545
0.032959
0.112300
0.155030
0.235600
0.310060
0.410160
0.505370
0.521240
0.555420
0.578610
0.573730
0.614010
0.863040
1.065700
1.186500
1.361100
1.413600
1.530800
1.745600
2.003200
2.327900
2.456100
2.718500
2.751500
2.318100
2.294900
2.447500
2.048300
1.749300
1.647900
1.575900
1.337900
1.069300
1.036400
0.803220
0.489500
0.329590
0.147710
-0.108640
-0.185550
-0.257570
-0.446780
-0.541990
-0.635990
-0.760500
-0.805660
-0.844730
-0.935060
-0.979000
-0.955810
-0.828860
-0.798340
-0.859380
-0.953370
-1.057100
-1.106000
-1.169400
-1.203600
-1.170700
-1.123000
-1.148700
-1.123000
-1.113300
-1.040000
-1.005900
-1.109600
-1.080300
-1.060800
-0.997310
-0.948490
-1.012000
-0.961910
-0.985110
-1.059600
-1.046100
-1.059600
-1.038800
-1.014400
-1.025400
-0.986330
-0.930180
-0.897220
-0.833740
-0.664060
-0.557860
-0.488280
-0.419920
-0.408940
-0.312500
-0.059814
0.394290
0.671390
0.778810
1.085200
1.442900
1.461200
1.485600
1.353800
1.169400
1.224400
1.137700
0.837400
0.754390
0.883790
0.910640
0.870360
0.749510
0.896000
1.068100
0.976560
0.793460
0.758060
0.469970
0.487060
0.375980
0.141600
0.004883
-0.090332
-0.043945
-0.091553
-0.197750
-0.289310
-0.360110
-0.462650
-0.526120
-0.552980
-0.504150
-0.544430
-0.576170
-0.561520
-0.593260
-0.596920
-0.673830
-0.784910
-0.806880
-0.776370
-0.795900
-0.819090
-0.831300
-0.726320
-0.632320
-0.638430
-0.623780
-0.649410
-0.661620
-0.605470
-0.540770
-0.535890
-0.454100
-0.367430
-0.341800
-0.257570
-0.090332
0.065918
0.289310
0.306400
0.583500
0.812990
0.843510
0.554200
0.336910
0.454100
0.350340
0.050049
-0.134280
-0.136720
-0.412600
-0.314940
-0.230710
-0.195310
-0.090332
-0.114750
-0.289310
-0.222170
-0.144040
-0.144040
-0.301510
-0.317380
-0.286870
-0.303960
-0.333250
-0.218510
-0.305180
-0.432130
-0.543210
-0.548100
-0.546880
-0.468750
-0.573730
-0.753170
-0.816650
-0.827640
-0.771480
-0.722660
-0.661620
-0.559080
-0.437010
-0.566410
-0.471190
-0.438230
-0.281980
-0.239260
-0.280760
-0.277100
-0.274660
-0.324710
-0.323490
-0.191650
0.036621
0.169680
0.208740
0.045166
-0.095215
-0.058594
-0.021973
0.014648
0.141600
0.262450
0.375980
0.321040
0.274660
0.297850
0.323490
0.366210
0.334470
0.179440
0.103760
0.058594
-0.020752
-0.064697
-0.057373
-0.037842
-0.281980
-0.500490
-0.400390
-0.302730
-0.302730
-0.203860
-0.117190
-0.073242
-0.056152
-0.003662
0.083008
-0.021973
-0.135500
-0.184330
-0.197750
-0.177000
-0.150150
-0.150150
-0.178220
-0.206300
-0.238040
-0.134280
-0.161130
-0.262450
-0.081787
-0.063477
-0.058594
0.023193
0.252690
0.173340
0.043945
0.075684
0.073242
0.211180
0.207520
0.009766
0.015869
-0.021973
0.083008
0.135500
0.112300
0.125730
0.146480
0.073242
0.101320
0.091553
0.129390
0.233150
0.295410
0.170900
-0.004883
0.026855
0.111080
0.206300
0.141600
0.051270
0.074463
0.076904
-0.003662
0.007324
-0.096436
-0.004883
-0.007324
-0.150150
-0.208740
-0.166020
-0.228270
-0.090332
-0.003662
-0.023193
0.102540
0.175780
0.229490
0.247800
