-0.093994
-0.125730
-0.043945
-0.014648
-0.028076
-0.108640
-0.100100
-0.081787
0.009766
-0.025635
0.115970
0.098877
-0.174560
-0.153810
0.014648
0.046387
0.029297
0.399170
0.772710
0.814210
0.574950
0.360110
0.253910
0.245360
0.163570
0.261230
0.102540
-0.043945
0.037842
0.261230
0.283200
0.277100
0.328370
0.476070
0.494380
0.389400
0.246580
0.147710
0.093994
0.272220
0.189210
0.000000
-0.047607
0.069580
-0.004883
-0.201420
-0.332030
-0.522460
-0.770260
-0.905760
-0.954590
-1.026600
-1.054700
-0.980220
-0.997310
-0.986330
-1.036400
-1.138900
-1.290300
-1.361100
-1.422100
-1.464800
-1.484400
-1.486800
-1.473400
-1.521000
-1.547900
-1.590600
-1.530800
-1.464800
-1.483200
-1.331800
-1.356200
-1.385500
-1.346400
-1.366000
-1.366000
-1.269500
-1.153600
-1.097400
-0.931400
-0.908200
-0.865480
-0.808110
-0.748290
-0.657960
-0.549320
-0.467530
-0.397950
-0.299070
-0.238040
-0.266110
-0.217290
-0.155030
-0.111080
-0.028076
0.054932
0.129390
0.227050
0.427250
0.480960
0.616460
0.899660
1.418500
1.983600
2.436500
2.703900
2.950400
3.245800
3.212900
3.309300
3.126200
2.813700
2.669700
2.597700
2.349900
1.978800
1.879900
1.754200
1.159700
0.667720
0.266110
0.096436
0.158690
0.079346
0.196530
0.620120
1.169400
1.395300
1.491700
1.521000
1.622300
1.629600
1.479500
1.245100
1.075400
0.781250
0.582280
0.400390
0.203860
0.120850
0.017090
-0.081787
-0.190430
-0.327150
-0.440670
-0.549320
-0.635990
-0.722660
-0.864260
-1.073000
-1.193800
-1.209700
-1.220700
-1.286600
-1.313500
-1.300000
-1.392800
-1.394000
-1.366000
-1.283000
-1.273200
-1.276900
-1.129200
-1.154800
-1.101100
-1.065700
-0.986330
-0.937500
-0.885010
-0.834960
-0.749510
-0.725100
-0.686040
-0.662840
-0.633540
-0.604250
-0.603030
-0.579830
-0.511470
-0.386960
-0.264890
-0.170900
-0.043945
0.009766
0.114750
0.242920
0.327150
0.399170
0.517580
0.434570
0.438230
0.505370
0.605470
0.686040
0.758060
1.009500
1.052200
1.236600
1.594200
2.036100
2.285200
2.340100
2.469500
2.609900
2.575700
2.594000
2.428000
2.364500
2.106900
1.793200
1.646700
1.649200
1.688200
1.516100
1.049800
0.695800
0.556640
0.531010
0.338130
0.233150
0.122070
0.174560
0.194090
0.119630
0.010986
-0.173340
-0.378420
-0.490720
-0.584720
-0.753170
-0.900880
-0.946040
-0.892330
-0.927730
-0.975340
-1.036400
-1.095000
-1.197500
-1.180400
-1.192600
-1.232900
-1.315900
-1.296400
-1.292700
-1.317100
-1.394000
-1.405000
-1.385500
-1.340300
-1.319600
-1.339100
-1.333000
-1.319600
-1.293900
-1.210900
-1.192600
-1.170700
-1.088900
-1.058300
-0.985110
-0.900880
-0.898440
-0.832520
-0.776370
-0.660400
-0.572510
-0.473630
-0.483400
-0.465090
-0.433350
-0.372310
-0.208740
-0.017090
0.183110
0.421140
0.709230
0.946040
1.362300
1.726100
2.059300
2.149700
1.886000
1.771200
1.601600
1.375700
1.258500
1.053500
0.772710
0.721440
0.645750
0.679930
0.819090
0.920410
1.256100
1.341600
0.939940
0.750730
0.582280
0.352780
0.358890
0.260010
0.163570
0.119630
0.130620
0.103760
0.058594
0.025635
-0.145260
-0.328370
-0.451660
-0.620120
-0.798340
-0.759280
-0.672610
-0.703130
-0.694580
-0.700680
-0.698240
-0.744630
-0.814210
-0.897220
-0.943600
-0.963130
-0.958250
-0.955810
-1.090100
-1.228000
-1.287800
-1.350100
-1.287800
-1.300000
-1.239000
-1.196300
-1.173100
-1.149900
-1.193800
-1.191400
-1.142600
-1.146200
-1.080300
-1.030300
-1.115700
-1.138900
-1.059600
-1.038800
-1.032700
-1.064500
-1.002200
-0.928960
-0.847170
-0.711670
-0.687260
-0.614010
-0.589600
-0.462650
-0.375980
-0.296630
-0.222170
-0.148930
-0.084229
-0.046387
0.041504
0.213620
0.187990
0.218510
0.245360
0.197750
0.412600
0.572510
0.695800
0.794680
0.740970
0.808110
0.911870
1.163300
1.265900
1.145000
0.772710
0.740970
0.817870
0.800780
0.820310
0.965580
0.963130
1.189000
1.536900
1.685800
1.530800
1.320800
1.398900
1.406300
1.202400
1.069300
0.827640
0.771480
0.701900
0.794680
0.827640
0.550540
0.417480
0.345460
0.212400
0.029297
-0.111080
-0.211180
-0.152590
-0.255130
-0.294190
-0.355220
-0.417480
-0.454100
-0.456540
-0.483400
-0.539550
-0.654300
-0.776370
-0.788570
-0.643310
-0.710450
-0.670170
-0.572510
-0.640870
-0.629880
-0.645750
-0.671390
-0.563960
-0.489500
-0.517580
-0.601810
-0.610350
-0.506590
-0.377200
-0.198970
-0.299070
-0.261230
-0.213620
-0.266110
-0.258790
-0.128170
0.004883
0.135500
0.119630
0.209960
0.274660
0.367430
0.568850
0.727540
0.649410
0.385740
0.390630
0.356450
0.206300
0.185550
0.175780
0.203860
0.122070
0.034180
-0.009766
0.063477
0.159910
0.169680
0.091553
-0.093994
-0.062256
-0.073242
-0.115970
-0.150150
-0.257570
-0.236820
-0.219730
-0.290530
-0.463870
-0.510250
-0.603030
-0.668950
-0.697020
-0.715330
-0.721440
-0.700680
-0.623780
-0.545650
-0.499270
-0.382080
-0.255130
-0.253910
-0.217290
-0.297850
-0.324710
-0.317380
-0.172120
0.031738
-0.187990
-0.462650
-0.416260
-0.305180
-0.336910
-0.302730
-0.214840
-0.147710
