0.183110
0.163570
0.040283
-0.083008
-0.179440
-0.242920
-0.166020
-0.095215
-0.078125
-0.063477
0.057373
-0.012207
0.018311
0.080566
0.013428
0.017090
0.371090
0.882570
0.971680
0.755620
0.644530
0.627440
0.598140
0.651860
0.725100
0.329590
0.252690
0.546880
0.507810
0.625000
0.479740
0.510250
0.321040
0.460210
0.385740
0.329590
0.120850
0.023193
0.151370
0.312500
0.178220
0.029297
0.163570
0.317380
0.113530
-0.074463
-0.194090
-0.390630
-0.568850
-0.650630
-0.703130
-0.715330
-0.804440
-0.825200
-0.854490
-0.968020
-0.999760
-1.030300
-1.145000
-1.115700
-1.099900
-1.121800
-1.137700
-1.151100
-1.147500
-1.200000
-1.280500
-1.197500
-1.279300
-1.256100
-1.242700
-1.196300
-1.164600
-1.171900
-1.071800
-1.099900
-1.071800
-1.005900
-0.958250
-0.914310
-0.876460
-0.826420
-0.760500
-0.736080
-0.644530
-0.529790
-0.502930
-0.462650
-0.354000
-0.358890
-0.292970
-0.258790
-0.178220
-0.072021
-0.070801
0.040283
0.139160
0.209960
0.295410
0.429690
0.827640
1.430700
2.138700
2.645300
2.987100
3.220200
3.291000
3.092000
3.012700
2.833300
2.562300
2.293700
2.064200
1.839600
1.711400
1.741900
1.577100
1.106000
0.769040
0.622560
0.388180
0.242920
0.344240
0.578610
0.892330
1.038800
1.406300
1.677200
1.845700
2.030000
1.972700
1.927500
1.793200
1.551500
1.248800
0.959470
0.771480
0.740970
0.751950
0.537110
0.362550
0.258790
0.096436
-0.050049
-0.262450
-0.368650
-0.520020
-0.756840
-0.970460
-1.140100
-1.186500
-1.246300
-1.344000
-1.480700
-1.567400
-1.595500
-1.639400
-1.619900
-1.580800
-1.566200
-1.573500
-1.560100
-1.544200
-1.452600
-1.379400
-1.312300
-1.272000
-1.186500
-1.092500
-1.104700
-1.091300
-0.975340
-0.925290
-0.799560
-0.750730
-0.733640
-0.610350
-0.616460
-0.600590
-0.585940
-0.581050
-0.455320
-0.288090
-0.146480
-0.136720
-0.068359
0.023193
0.103760
0.109860
0.122070
0.180660
0.252690
0.233150
0.264890
0.233150
0.271000
0.390630
0.418700
0.535890
0.716550
0.792240
0.942380
1.015600
1.058300
1.241500
1.475800
1.634500
1.848100
2.232700
2.368200
2.364500
2.271700
2.282700
2.144800
1.881100
1.616200
1.427000
1.350100
1.315900
1.204800
1.159700
1.151100
1.204800
1.153600
1.010700
0.737300
0.621340
0.651860
0.511470
0.314940
0.142820
-0.064697
-0.163570
-0.328370
-0.401610
-0.485840
-0.523680
-0.592040
-0.644530
-0.764160
-0.856930
-0.968020
-1.118200
-1.101100
-1.037600
-1.091300
-1.164600
-1.200000
-1.196300
-1.202400
-1.226800
-1.147500
-1.148700
-1.290300
-1.307400
-1.340300
-1.359900
-1.339100
-1.339100
-1.267100
-1.236600
-1.178000
-1.068100
-0.949710
-0.977780
-0.932620
-0.883790
-0.859380
-0.914310
-0.959470
-0.877690
-0.816650
-0.745850
-0.550540
-0.429690
-0.222170
-0.069580
-0.083008
0.007324
0.115970
0.167240
0.361330
0.456540
0.550540
0.749510
0.919190
1.189000
1.488000
1.618700
1.596700
1.638200
1.428200
0.966800
0.844730
0.806880
0.603030
0.450440
0.366210
0.441890
0.509030
0.736080
0.920410
1.073000
1.098600
0.883790
0.693360
0.476070
0.216060
0.024414
-0.023193
-0.065918
-0.146480
-0.209960
-0.189210
-0.125730
-0.156250
-0.299070
-0.474850
-0.709230
-0.809330
-0.891110
-0.972900
-0.971680
-0.963130
-0.964360
-1.074200
-1.102300
-1.106000
-1.101100
-1.066900
-1.126700
-1.058300
-1.004600
-0.988770
-1.041300
-0.976560
-1.081500
-1.062000
-1.090100
-1.070600
-1.008300
-0.906980
-0.899660
-0.905760
-0.894780
-0.947270
-0.957030
-0.949710
-0.893550
-0.786130
-0.861820
-0.841060
-0.781250
-0.742190
-0.736080
-0.661620
-0.579830
-0.460210
-0.290530
-0.144040
-0.085449
0.042725
0.053711
0.111080
0.186770
0.244140
0.472410
0.640870
0.760500
0.826420
0.980220
1.027800
1.041300
1.051000
1.086400
1.021700
0.911870
0.869140
0.904540
1.203600
1.064500
0.867920
0.998540
0.865480
0.595700
0.339360
0.203860
0.026855
-0.062256
-0.125730
-0.263670
-0.229490
0.008545
0.302730
0.615230
0.877690
0.794680
0.645750
0.583500
0.373540
0.264890
0.159910
0.074463
-0.096436
-0.123290
-0.214840
-0.288090
-0.292970
-0.366210
-0.515140
-0.749510
-0.882570
-1.051000
-1.091300
-1.037600
-0.942380
-0.896000
-0.957030
-1.036400
-0.960690
-0.853270
-0.900880
-0.910640
-0.819090
-0.800780
-0.842290
-0.875240
-0.804440
-0.775150
-0.776370
-0.654300
-0.629880
-0.554200
-0.491940
-0.468750
-0.479740
-0.401610
-0.369870
-0.363770
-0.264890
-0.186770
-0.214840
-0.146480
-0.059814
0.074463
0.056152
0.108640
0.217290
0.233150
0.251460
0.360110
0.523680
0.585940
0.622560
0.771480
1.084000
1.217000
1.275600
1.463600
1.711400
1.845700
1.390400
1.329300
1.405000
1.265900
1.175500
1.229200
1.167000
1.171900
0.999760
0.937500
0.974120
0.847170
0.598140
0.482180
0.407710
0.325930
0.198970
0.039063
0.123290
0.207520
0.064697
-0.183110
-0.267330
-0.306400
-0.318600
-0.399170
-0.455320
-0.491940
-0.406490
-0.371090
-0.445560
-0.581050
-0.552980
-0.538330
-0.612790
-0.565190
-0.651860
-0.590820
-0.551760
