-0.065918
-0.054932
-0.087891
-0.081787
-0.147710
-0.090332
-0.135500
-0.091553
-0.002441
0.032959
0.151370
0.058594
0.034180
0.057373
0.030518
-0.028076
-0.065918
-0.069580
0.250240
0.645750
0.979000
0.759280
0.687260
0.190430
0.402830
0.704350
0.467530
0.382080
0.394290
0.228270
0.692140
0.819090
0.639650
0.670170
0.727540
0.637210
0.592040
0.203860
0.241700
0.334470
0.440670
0.355220
0.236820
0.036621
0.020752
0.135500
0.119630
-0.029297
-0.242920
-0.329590
-0.511470
-0.609130
-0.567630
-0.521240
-0.574950
-0.596920
-0.682370
-0.769040
-0.880130
-0.988770
-1.085200
-1.204800
-1.213400
-1.187700
-1.189000
-1.240200
-1.219500
-1.252400
-1.344000
-1.406300
-1.396500
-1.400100
-1.411100
-1.396500
-1.356200
-1.334200
-1.353800
-1.306200
-1.298800
-1.207300
-1.212200
-1.095000
-1.068100
-1.071800
-1.054700
-0.946040
-0.866700
-0.837400
-0.775150
-0.723880
-0.631100
-0.533450
-0.478520
-0.417480
-0.352780
-0.307620
-0.257570
-0.147710
-0.070801
0.004883
0.091553
0.192870
0.323490
0.633540
1.098600
1.645500
2.044700
2.128900
2.384000
2.752700
2.897900
2.753900
2.607400
2.573200
2.556200
2.645300
2.568400
2.406000
2.326700
2.189900
2.066700
1.773700
1.431900
1.231700
0.798340
0.201420
0.041504
0.045166
0.093994
0.267330
0.477290
0.841060
1.367200
1.584500
1.660200
1.870100
1.995800
1.984900
1.814000
1.560100
1.430700
1.395300
1.408700
1.355000
1.309800
1.081500
0.727540
0.469970
0.308840
0.241700
0.207520
0.067139
-0.122070
-0.383300
-0.478520
-0.561520
-0.761720
-0.959470
-1.158400
-1.167000
-1.220700
-1.389200
-1.490500
-1.558800
-1.571000
-1.638200
-1.663800
-1.630900
-1.608900
-1.649200
-1.638200
-1.534400
-1.477100
-1.403800
-1.461200
-1.457500
-1.409900
-1.340300
-1.303700
-1.236600
-1.195100
-1.173100
-1.075400
-1.044900
-1.003400
-0.959470
-0.954590
-0.943600
-0.837400
-0.738530
-0.622560
-0.520020
-0.451660
-0.329590
-0.258790
-0.140380
-0.111080
-0.026855
0.000000
0.103760
0.214840
0.240480
0.247800
0.269780
0.384520
0.523680
0.588380
0.671390
0.665280
0.733640
0.786130
0.814210
0.943600
1.090100
1.203600
1.330600
1.618700
1.707800
1.849400
1.833500
1.893300
1.870100
1.888400
1.949500
1.850600
2.004400
1.573500
1.502700
1.265900
0.946040
0.919190
0.819090
0.666500
0.440670
0.405270
0.321040
0.281980
0.201420
0.242920
0.123290
-0.093994
-0.284420
-0.249020
-0.297850
-0.369870
-0.522460
-0.501710
-0.637210
-0.834960
-0.855710
-0.739750
-0.686040
-0.584720
-0.513920
-0.527340
-0.561520
-0.623780
-0.704350
-0.733640
-0.706790
-0.625000
-0.593260
-0.657960
-0.769040
-0.755620
-0.799560
-0.791020
-0.858150
-0.920410
-0.867920
-0.910640
-0.854490
-0.843510
-0.784910
-0.639650
-0.599370
-0.532230
-0.400390
-0.334470
-0.045166
0.209960
0.328370
0.465090
0.612790
0.604250
0.544430
0.545650
0.548100
0.476070
0.347900
0.196530
0.075684
-0.256350
-0.264890
-0.369870
-0.369870
-0.200200
0.023193
0.017090
0.179440
0.437010
0.549320
0.445560
0.394290
0.104980
-0.142820
-0.222170
-0.294190
-0.341800
-0.245360
-0.028076
0.010986
-0.114750
-0.085449
-0.107420
-0.219730
-0.340580
-0.379640
-0.506590
-0.606690
-0.626220
-0.776370
-0.845950
-0.905760
-1.065700
-1.132800
-1.124300
-1.158400
-1.180400
-1.224400
-1.182900
-1.158400
-1.106000
-0.982670
-0.937500
-1.003400
-0.991210
-0.871580
-0.810550
-0.786130
-0.659180
-0.585940
-0.628660
-0.632320
-0.592040
-0.507810
-0.487060
-0.448000
-0.449220
-0.461430
-0.389400
-0.377200
-0.322270
-0.283200
-0.231930
-0.139160
-0.153810
-0.129390
0.012207
0.150150
0.434570
0.631100
0.686040
1.022900
1.149900
1.226800
1.352500
1.428200
1.566200
1.656500
1.491700
1.293900
1.176800
1.127900
1.304900
1.389200
1.342800
1.334200
1.400100
1.331800
1.129200
1.002200
1.035200
0.866700
0.793460
0.634770
0.561520
0.380860
0.305180
0.355220
0.242920
0.174560
0.023193
-0.157470
-0.242920
-0.372310
-0.430910
-0.476070
-0.616460
-0.726320
-0.859380
-1.004600
-1.046100
-1.088900
-1.085200
-1.106000
-1.136500
-1.093800
-1.101100
-1.162100
-1.137700
-1.106000
-1.090100
-1.003400
-0.845950
-0.766600
-0.749510
-0.715330
-0.672610
-0.567630
-0.439450
-0.324710
-0.266110
-0.098877
0.067139
0.329590
0.684810
0.974120
1.284200
1.578400
1.516100
1.192600
0.985110
0.781250
0.646970
0.432130
0.288090
0.261230
0.324710
0.543210
0.760500
0.778810
0.814210
0.739750
0.551760
0.290530
0.006104
-0.134280
-0.134280
-0.219730
-0.316160
-0.382080
-0.406490
-0.372310
-0.296630
-0.220950
-0.363770
-0.396730
-0.402830
-0.489500
-0.479740
-0.401610
-0.318600
-0.238040
-0.249020
-0.217290
-0.249020
-0.263670
-0.312500
-0.258790
-0.289310
-0.324710
-0.246580
-0.233150
-0.253910
-0.151370
-0.115970
-0.063477
0.012207
0.062256
0.053711
0.155030
0.196530
0.062256
0.137940
0.322270
0.321040
0.308840
0.122070
0.012207
0.179440
0.261230
0.148930
0.186770
0.251460
0.142820
0.206300
0.285640
0.280760
0.297850
