-0.169680
-0.327150
-0.305180
-0.468750
-0.490720
-0.600590
-0.561520
-0.388180
-0.190430
-0.100100
-0.015869
0.047607
0.031738
0.012207
-0.002441
0.085449
0.004883
-0.042725
0.247800
0.660400
0.894780
0.939940
0.931400
0.698240
0.635990
0.705570
0.649410
0.404050
0.205080
0.415040
0.432130
0.734860
0.562740
0.661620
0.529790
0.541990
0.433350
0.256350
0.189210
0.234380
0.198970
0.072021
-0.046387
0.070801
0.201420
0.218510
0.267330
0.072021
-0.246580
-0.401610
-0.596920
-0.642090
-0.687260
-0.748290
-0.904540
-1.003400
-0.910640
-0.924070
-1.012000
-1.012000
-1.132800
-1.298800
-1.298800
-1.391600
-1.366000
-1.336700
-1.312300
-1.342800
-1.362300
-1.416000
-1.423300
-1.381800
-1.286600
-1.306200
-1.273200
-1.258500
-1.153600
-1.179200
-1.173100
-1.119400
-1.077900
-1.001000
-0.943600
-0.888670
-0.855710
-0.817870
-0.809330
-0.738530
-0.584720
-0.537110
-0.460210
-0.294190
-0.333250
-0.338130
-0.323490
-0.227050
-0.141600
-0.075684
-0.017090
0.075684
0.124510
0.213620
0.338130
0.599370
0.976560
1.438000
1.970200
2.316900
2.460900
2.525600
2.664800
2.712400
2.648900
2.713600
2.758800
2.764900
2.475600
2.233900
2.180200
1.871300
1.715100
1.395300
0.817870
0.443120
0.356450
0.162350
0.172120
0.271000
0.363770
0.755620
0.880130
1.068100
1.240200
1.315900
1.367200
1.407500
1.497800
1.322000
1.073000
0.921630
0.866700
0.753170
0.606690
0.477290
0.351560
0.289310
0.168460
0.069580
0.046387
0.065918
0.074463
0.101320
0.041504
-0.056152
-0.277100
-0.405270
-0.527340
-0.645750
-0.633540
-0.809330
-0.998540
-1.059600
-1.220700
-1.287800
-1.340300
-1.353800
-1.396500
-1.446500
-1.472200
-1.424600
-1.409900
-1.414800
-1.408700
-1.359900
-1.342800
-1.337900
-1.311000
-1.291500
-1.223100
-1.154800
-1.060800
-0.965580
-0.794680
-0.687260
-0.642090
-0.566410
-0.585940
-0.527340
-0.522460
-0.455320
-0.384520
-0.350340
-0.313720
-0.202640
-0.235600
-0.192870
-0.196530
-0.168460
-0.128170
-0.047607
-0.032959
0.098877
0.184330
0.185550
0.289310
0.382080
0.541990
0.662840
0.797120
1.058300
1.273200
1.328100
1.445300
1.782200
2.085000
2.287600
2.415800
2.441400
2.507300
2.762500
2.487800
2.130100
1.925000
1.895800
1.545400
1.353800
1.313500
1.174300
1.099900
1.002200
0.859380
0.684810
0.675050
0.457760
0.252690
0.085449
-0.078125
-0.216060
-0.389400
-0.487060
-0.488280
-0.595700
-0.740970
-0.761720
-0.811770
-0.837400
-0.837400
-0.777590
-0.791020
-0.909420
-0.987550
-1.015600
-1.047400
-1.064500
-1.062000
-1.102300
-1.035200
-0.977780
-0.969240
-0.939940
-0.883790
-0.740970
-0.609130
-0.489500
-0.489500
-0.498050
-0.369870
-0.217290
-0.125730
0.017090
0.108640
0.185550
0.312500
0.440670
0.452880
0.484620
0.439450
0.363770
0.179440
-0.001221
-0.159910
-0.043945
-0.051270
-0.207520
-0.244140
-0.148930
0.026855
0.186770
0.178220
0.068359
0.081787
-0.137940
-0.147710
-0.314940
-0.367430
-0.487060
-0.487060
-0.495610
-0.500490
-0.551760
-0.645750
-0.622560
-0.584720
-0.672610
-0.708010
-0.682370
-0.662840
-0.601810
-0.565190
-0.493160
-0.355220
-0.289310
-0.250240
-0.264890
-0.286870
-0.290530
-0.297850
-0.428470
-0.454100
-0.555420
-0.622560
-0.667720
-0.716550
-0.703130
-0.676270
-0.664060
-0.697020
-0.795900
-0.827640
-0.898440
-0.938720
-0.911870
-0.919190
-0.949710
-0.909420
-0.837400
-0.850830
-0.828860
-0.739750
-0.775150
-0.661620
-0.578610
-0.521240
-0.563960
-0.557860
-0.581050
-0.500490
-0.357670
-0.172120
-0.117190
0.148930
0.288090
0.427250
0.590820
0.653080
0.797120
0.938720
0.809330
0.715330
0.708010
0.599370
0.638430
0.695800
0.590820
0.598140
0.539550
0.449220
0.344240
0.463870
0.487060
0.432130
0.402830
0.292970
0.255130
0.268550
0.351560
0.356450
0.242920
0.235600
0.473630
0.708010
0.759280
0.821530
0.894780
0.902100
0.812990
0.823970
0.828860
0.577390
0.358890
0.299070
0.256350
0.145260
0.174560
0.048828
-0.014648
-0.068359
-0.097656
-0.252690
-0.343020
-0.347900
-0.267330
-0.144040
-0.048828
0.008545
-0.120850
-0.030518
0.175780
0.227050
0.139160
0.090332
0.067139
0.058594
0.163570
0.264890
0.521240
0.283200
0.212400
0.286870
0.202640
0.148930
0.083008
-0.100100
-0.198970
-0.218510
-0.273440
-0.267330
-0.355220
-0.355220
-0.255130
-0.147710
-0.104980
-0.122070
-0.256350
-0.340580
-0.373540
-0.462650
-0.548100
-0.653080
-0.698240
-0.628660
-0.600590
-0.513920
-0.478520
-0.501710
-0.561520
-0.548100
-0.666500
-0.639650
-0.584720
-0.506590
-0.329590
-0.336910
-0.354000
-0.382080
-0.457760
-0.523680
-0.555420
-0.548100
-0.413820
-0.463870
-0.379640
-0.319820
-0.356450
-0.280760
-0.247800
-0.216060
-0.129390
-0.200200
-0.146480
-0.064697
-0.017090
0.053711
0.080566
0.123290
0.152590
0.095215
0.095215
0.187990
0.372310
0.450440
0.551760
0.766600
0.777590
0.734860
0.778810
0.920410
0.815430
0.780030
0.747070
0.715330
0.609130
0.523680
0.513920
0.423580
0.408940
0.333250
0.219730
0.271000
0.256350
