-0.065918
-0.158690
-0.114750
-0.100100
-0.145260
-0.128170
-0.109860
-0.084229
-0.112300
-0.147710
-0.181880
-0.098877
0.058594
0.170900
0.228270
0.408940
0.725100
1.052200
0.986330
0.725100
0.627440
0.319820
0.460210
0.446780
0.483400
0.378420
0.266110
0.656740
0.710450
0.675050
0.769040
0.728760
0.732420
0.615230
0.227050
0.007324
0.103760
0.474850
0.421140
0.272220
0.264890
0.467530
0.633540
0.427250
0.256350
-0.031738
-0.227050
-0.455320
-0.736080
-1.009500
-1.121800
-1.035200
-1.027800
-1.026600
-1.112100
-1.138900
-1.181600
-1.029100
-0.981450
-0.965580
-0.974120
-0.899660
-0.955810
-1.014400
-1.074200
-1.196300
-1.232900
-1.243900
-1.272000
-1.242700
-1.232900
-1.259800
-1.295200
-1.346400
-1.357400
-1.345200
-1.328100
-1.289100
-1.229200
-1.159700
-1.090100
-1.097400
-1.092500
-1.054700
-1.016800
-0.970460
-0.899660
-0.839840
-0.769040
-0.755620
-0.551760
-0.539550
-0.390630
-0.274660
-0.261230
-0.119630
-0.069580
0.046387
0.140380
0.273440
0.534670
0.896000
1.353800
2.064200
2.611100
3.171400
3.404500
3.104200
2.812500
2.421900
2.315700
1.944600
1.722400
1.330600
1.129200
0.921630
0.928960
1.096200
1.018100
1.123000
1.287800
1.287800
1.512500
1.622300
1.658900
1.619900
1.654100
1.593000
1.608900
1.389200
1.101100
1.102300
1.179200
1.136500
1.040000
0.687260
0.502930
0.391850
0.358890
0.251460
0.222170
0.175780
0.080566
-0.054932
-0.144040
-0.451660
-0.769040
-0.909420
-0.953370
-1.054700
-1.149900
-1.213400
-1.292700
-1.342800
-1.445300
-1.538100
-1.554000
-1.532000
-1.583300
-1.584500
-1.571000
-1.591800
-1.546600
-1.618700
-1.543000
-1.479500
-1.369600
-1.383100
-1.335400
-1.253700
-1.201200
-1.189000
-1.126700
-1.047400
-0.958250
-0.816650
-0.684810
-0.626220
-0.581050
-0.489500
-0.402830
-0.378420
-0.313720
-0.251460
-0.217290
-0.156250
-0.151370
-0.107420
-0.075684
0.000000
0.061035
0.111080
0.161130
0.300290
0.369870
0.463870
0.533450
0.627440
0.738530
0.797120
0.881350
0.926510
0.959470
1.044900
1.171900
1.219500
1.257300
1.395300
1.481900
1.613800
1.879900
2.316900
2.834500
3.083500
3.281300
3.275100
3.029800
2.978500
2.460900
2.197300
2.110600
1.682100
1.610100
1.588100
1.500200
1.566200
1.453900
1.046100
0.692140
0.430910
0.261230
0.159910
0.028076
-0.003662
-0.024414
-0.054932
-0.080566
-0.112300
-0.208740
-0.239260
-0.380860
-0.527340
-0.544430
-0.577390
-0.587160
-0.607910
-0.744630
-0.889890
-0.906980
-0.919190
-0.910640
-0.905760
-1.001000
-1.088900
-1.168200
-1.207300
-1.273200
-1.297600
-1.304900
-1.318400
-1.334200
-1.352500
-1.364700
-1.369600
-1.317100
-1.329300
-1.256100
-1.197500
-1.108400
-1.025400
-1.030300
-1.030300
-1.049800
-1.022900
-1.019300
-1.005900
-1.010700
-0.942380
-0.843510
-0.759280
-0.717770
-0.604250
-0.543210
-0.395510
-0.162350
-0.031738
0.195310
0.410160
0.734860
0.948490
1.180400
1.300000
1.588100
1.809100
1.917700
2.000700
2.085000
1.822500
1.534400
1.053500
0.756840
0.568850
0.200200
0.178220
0.069580
0.241700
0.686040
0.989990
1.330600
1.326900
1.025400
0.994870
0.804440
0.747070
0.566410
0.211180
0.009766
-0.010986
-0.002441
-0.043945
-0.201420
-0.295410
-0.429690
-0.581050
-0.532230
-0.524900
-0.541990
-0.533450
-0.484620
-0.509030
-0.532230
-0.614010
-0.587160
-0.412600
-0.388180
-0.476070
-0.429690
-0.522460
-0.704350
-0.740970
-0.906980
-1.024200
-1.147500
-1.287800
-1.340300
-1.384300
-1.408700
-1.436800
-1.414800
-1.442900
-1.488000
-1.506300
-1.456300
-1.449000
-1.452600
-1.401400
-1.337900
-1.298800
-1.261000
-1.212200
-1.178000
-1.127900
-1.057100
-0.999760
-1.021700
-1.036400
-0.989990
-0.928960
-0.921630
-0.896000
-0.822750
-0.769040
-0.583500
-0.500490
-0.448000
-0.477290
-0.423580
-0.389400
-0.338130
-0.332030
-0.286870
-0.252690
-0.262450
-0.260010
-0.213620
-0.168460
-0.142820
-0.103760
-0.068359
0.039063
0.076904
0.129390
0.231930
0.240480
0.236820
0.249020
0.236820
0.280760
0.437010
0.583500
0.672610
0.731200
0.781250
1.038800
1.462400
1.865200
2.296100
2.504900
2.155800
1.718800
1.695600
1.928700
2.229000
2.335200
2.382800
2.336400
2.496300
2.768600
3.061500
2.557400
2.069100
1.777300
1.418500
1.138900
1.027800
0.949710
0.822750
0.632320
0.378420
0.122070
0.002441
-0.125730
-0.235600
-0.366210
-0.413820
-0.437010
-0.388180
-0.399170
-0.378420
-0.472410
-0.577390
-0.626220
-0.629880
-0.633540
-0.634770
-0.687260
-0.827640
-0.865480
-0.739750
-0.590820
-0.593260
-0.535890
-0.538330
-0.600590
-0.684810
-0.651860
-0.583500
-0.527340
-0.371090
-0.371090
-0.351560
-0.145260
-0.031738
-0.010986
-0.035400
-0.042725
0.097656
0.310060
0.439450
0.408940
0.395510
0.308840
0.310060
0.236820
0.212400
0.195310
0.106200
-0.014648
0.109860
0.263670
0.249020
0.108640
0.051270
-0.043945
-0.146480
-0.175780
-0.128170
-0.180660
-0.266110
-0.396730
-0.474850
-0.471190
-0.434570
-0.502930
-0.517580
-0.626220
-0.750730
-0.809330
-0.946040
-1.005900
