0.322270
0.205080
0.333250
0.350340
0.222170
0.068359
0.070801
-0.031738
-0.036621
-0.010986
0.047607
-0.012207
-0.039063
0.057373
0.096436
0.233150
0.275880
0.241700
0.330810
0.010986
-0.076904
0.090332
0.214840
0.076904
-0.036621
-0.072021
-0.052490
0.003662
0.345460
0.443120
0.352780
0.456540
0.622560
0.200200
-0.032959
0.019531
-0.053711
-0.059814
-0.093994
-0.069580
0.140380
0.012207
-0.095215
-0.155030
-0.163570
-0.338130
-0.632320
-0.640870
-0.935060
-0.924070
-0.917970
-0.815430
-0.766600
-0.803220
-0.838620
-0.944820
-1.082800
-1.131600
-1.126700
-1.087600
-1.136500
-1.210900
-1.326900
-1.361100
-1.328100
-1.220700
-1.252400
-1.191400
-1.190200
-1.212200
-1.272000
-1.320800
-1.254900
-1.198700
-1.152300
-1.178000
-1.152300
-1.181600
-1.186500
-1.159700
-1.025400
-1.001000
-0.898440
-0.949710
-0.896000
-0.837400
-0.839840
-0.751950
-0.662840
-0.579830
-0.460210
-0.383300
-0.299070
-0.205080
-0.147710
-0.028076
0.064697
0.184330
0.314940
0.582280
1.047400
1.766400
2.314500
2.824700
3.217800
3.018800
2.944300
2.657500
2.616000
2.241200
1.961700
1.604000
1.202400
1.022900
1.043700
1.053500
0.922850
1.015600
1.262200
1.342800
1.499000
1.596700
1.641800
1.749300
1.754200
1.679700
1.356200
1.102300
1.009500
0.892330
0.742190
0.683590
0.704350
0.653080
0.523680
0.271000
0.181880
0.034180
-0.045166
-0.039063
-0.056152
-0.313720
-0.471190
-0.656740
-0.759280
-0.882570
-0.971680
-0.979000
-0.998540
-1.048600
-1.070600
-1.130400
-1.174300
-1.214600
-1.234100
-1.243900
-1.190200
-1.168200
-1.136500
-1.075400
-0.969240
-0.874020
-0.875240
-0.882570
-0.803220
-0.679930
-0.607910
-0.617680
-0.594480
-0.623780
-0.556640
-0.584720
-0.565190
-0.515140
-0.504150
-0.451660
-0.363770
-0.303960
-0.300290
-0.247800
-0.179440
-0.124510
-0.073242
-0.020752
0.072021
0.113530
0.179440
0.186770
0.294190
0.313720
0.412600
0.435790
0.587160
0.645750
0.711670
0.852050
1.033900
1.187700
1.290300
1.308600
1.287800
1.348900
1.276900
1.293900
1.420900
1.566200
1.718800
2.011700
1.849400
1.944600
2.002000
1.787100
1.560100
1.251200
1.217000
1.149900
1.372100
1.264600
0.948490
1.042500
0.975340
1.080300
0.968020
0.794680
0.689700
0.543210
0.341800
0.233150
0.129390
0.031738
-0.166020
-0.351560
-0.495610
-0.642090
-0.649410
-0.700680
-0.792240
-0.892330
-0.954590
-0.994870
-1.036400
-1.152300
-1.214600
-1.190200
-1.213400
-1.219500
-1.237800
-1.296400
-1.347700
-1.345200
-1.407500
-1.325700
-1.229200
-1.097400
-1.162100
-1.169400
-1.107200
-1.095000
-1.085200
-1.037600
-0.974120
-0.960690
-0.874020
-0.946040
-1.004600
-0.985110
-0.927730
-0.906980
-0.849610
-0.769040
-0.687260
-0.659180
-0.566410
-0.465090
-0.458980
-0.412600
-0.294190
-0.205080
-0.081787
0.051270
0.158690
0.277100
0.410160
0.444340
0.581050
0.726320
0.764160
0.936280
1.136500
1.455100
1.491700
1.485600
1.561300
1.787100
1.816400
1.739500
1.639400
1.684600
1.662600
1.539300
1.341600
0.861820
0.501710
0.500490
0.692140
0.789790
0.825200
0.847170
1.022900
1.359900
1.130400
0.744630
0.638430
0.285640
0.054932
-0.059814
-0.001221
0.009766
-0.030518
-0.067139
0.004883
-0.012207
-0.128170
-0.157470
-0.281980
-0.439450
-0.394290
-0.380860
-0.310060
-0.485840
-0.648190
-0.792240
-0.787350
-0.916750
-0.998540
-1.062000
-1.098600
-1.076700
-1.226800
-1.193800
-1.140100
-1.231700
-1.224400
-1.195100
-1.239000
-1.245100
-1.245100
-1.357400
-1.373300
-1.341600
-1.344000
-1.358600
-1.372100
-1.386700
-1.291500
-1.312300
-1.292700
-1.270800
-1.241500
-1.221900
-1.198700
-1.189000
-1.088900
-1.020500
-0.965580
-0.930180
-0.919190
-0.821530
-0.661620
-0.654300
-0.712890
-0.681150
-0.548100
-0.517580
-0.391850
-0.285640
-0.245360
-0.200200
-0.120850
-0.036621
0.065918
0.144040
0.222170
0.404050
0.667720
0.832520
1.012000
1.091300
1.317100
1.472200
1.427000
1.490500
1.528300
1.638200
1.666300
1.567400
1.550300
1.527100
1.566200
1.442900
1.484400
1.460000
1.325700
1.219500
1.219500
1.319600
1.101100
0.711670
0.721440
0.701900
0.627440
0.356450
0.363770
0.399170
0.386960
0.332030
0.410160
0.230710
-0.007324
-0.051270
-0.112300
-0.195310
-0.330810
-0.373540
-0.466310
-0.539550
-0.445560
-0.532230
-0.587160
-0.585940
-0.631100
-0.678710
-0.593260
-0.656740
-0.687260
-0.649410
-0.642090
-0.692140
-0.750730
-0.859380
-0.893550
-0.874020
-0.836180
-0.919190
-0.914310
-0.897220
-0.848390
-0.792240
-0.749510
-0.783690
-0.810550
-0.855710
-0.720210
-0.661620
-0.583500
-0.434570
-0.220950
-0.054932
0.218510
0.463870
0.538330
0.603030
0.853270
0.926510
0.848390
0.756840
0.733640
0.704350
0.745850
0.676270
0.435790
0.321040
0.334470
0.219730
0.347900
0.213620
-0.067139
-0.041504
-0.024414
0.102540
-0.001221
-0.098877
-0.026855
-0.113530
-0.037842
0.021973
-0.045166
-0.155030
-0.134280
-0.230710
-0.264890
-0.268550
-0.275880
-0.239260
-0.126950
-0.156250
-0.198970
-0.295410
-0.297850
-0.314940
