-0.041504
0.178220
0.195310
0.175780
0.134280
0.065918
-0.008545
-0.089111
-0.129390
-0.198970
-0.061035
-0.135500
-0.208740
-0.161130
0.080566
0.303960
0.522460
0.612790
0.565190
0.456540
0.255130
0.277100
0.354000
0.241700
0.059814
0.157470
0.137940
0.289310
0.478520
0.510250
0.488280
0.373540
0.434570
0.687260
0.854490
0.461430
0.196530
0.279540
0.281980
0.429690
0.527340
0.450440
0.728760
0.742190
0.422360
0.208740
0.146480
0.068359
-0.064697
-0.146480
-0.202640
-0.375980
-0.411380
-0.260010
-0.196530
-0.339360
-0.538330
-0.634770
-0.565190
-0.599370
-0.491940
-0.266110
-0.161130
-0.043945
-0.041504
-0.172120
-0.277100
-0.312500
-0.291750
-0.343020
-0.449220
-0.433350
-0.465090
-0.467530
-0.411380
-0.429690
-0.574950
-0.625000
-0.628660
-0.727540
-0.845950
-0.932620
-0.997310
-1.137700
-1.143800
-1.243900
-1.341600
-1.381800
-1.418500
-1.514900
-1.569800
-1.646700
-1.671100
-1.595500
-1.494100
-1.538100
-1.578400
-1.507600
-1.444100
-1.419700
-1.345200
-1.232900
-1.204800
-1.123000
-1.049800
-0.910640
-0.803220
-0.662840
-0.474850
-0.322270
-0.208740
-0.074463
0.073242
0.301510
0.614010
0.950930
1.263400
1.571000
1.953100
2.215600
2.321800
2.315700
1.776100
1.585700
1.558800
1.694300
1.787100
1.755400
1.865200
1.772500
1.854200
1.792000
1.601600
1.401400
1.066900
0.731200
0.538330
0.490720
0.384520
0.473630
0.787350
1.210900
1.394000
1.585700
1.732200
1.555200
1.379400
1.455100
1.284200
1.001000
0.773930
0.448000
0.246580
0.063477
-0.028076
-0.141600
-0.345460
-0.446780
-0.625000
-0.792240
-0.737300
-0.737300
-0.863040
-0.917970
-0.924070
-1.119400
-1.275600
-1.381800
-1.420900
-1.442900
-1.450200
-1.372100
-1.436800
-1.483200
-1.486800
-1.528300
-1.497800
-1.438000
-1.391600
-1.330600
-1.256100
-1.248800
-1.237800
-1.174300
-1.147500
-1.071800
-0.998540
-0.892330
-0.715330
-0.692140
-0.620120
-0.521240
-0.477290
-0.524900
-0.490720
-0.358890
-0.255130
-0.225830
-0.198970
-0.175780
-0.100100
-0.042725
0.035400
0.075684
0.214840
0.360110
0.478520
0.572510
0.664060
0.808110
0.863040
0.926510
1.037600
1.200000
1.241500
1.386700
1.589400
1.835900
1.989700
2.149700
2.468300
2.766100
2.930900
2.940700
2.940700
2.856400
2.603800
2.401100
2.554900
2.321800
2.186300
2.147200
2.011700
1.630900
1.562500
1.462400
1.226800
1.076700
0.803220
0.583500
0.434570
0.367430
0.211180
0.020752
-0.115970
-0.375980
-0.528560
-0.495610
-0.471190
-0.518800
-0.487060
-0.498050
-0.520020
-0.584720
-0.620120
-0.635990
-0.729980
-0.745850
-0.764160
-0.795900
-0.764160
-0.773930
-0.867920
-0.899660
-0.935060
-0.925290
-0.954590
-0.981450
-0.972900
-1.002200
-1.058300
-1.162100
-1.167000
-1.190200
-1.169400
-1.130400
-1.064500
-0.989990
-1.033900
-1.001000
-0.991210
-0.999760
-0.954590
-0.843510
-0.792240
-0.739750
-0.731200
-0.651860
-0.645750
-0.673830
-0.640870
-0.635990
-0.661620
-0.629880
-0.528560
-0.469970
-0.437010
-0.380860
-0.355220
-0.268550
-0.200200
-0.142820
-0.029297
0.039063
0.103760
0.316160
0.393070
0.506590
0.692140
0.822750
0.898440
1.196300
1.651600
1.978800
2.211900
2.528100
2.622100
2.681900
2.229000
1.561300
1.190200
1.148700
1.025400
1.392800
1.724900
1.726100
1.563700
1.700400
1.586900
0.974120
0.744630
0.662840
0.452880
0.340580
0.278320
0.227050
0.097656
-0.072021
-0.249020
-0.483400
-0.764160
-0.938720
-1.084000
-1.102300
-1.035200
-1.062000
-1.087600
-1.192600
-1.328100
-1.395300
-1.495400
-1.573500
-1.519800
-1.361100
-1.356200
-1.366000
-1.483200
-1.564900
-1.573500
-1.518600
-1.489300
-1.455100
-1.411100
-1.390400
-1.466100
-1.513700
-1.497800
-1.496600
-1.449000
-1.438000
-1.417200
-1.369600
-1.363500
-1.389200
-1.372100
-1.326900
-1.337900
-1.253700
-1.185300
-1.092500
-0.963130
-0.917970
-0.839840
-0.782470
-0.694580
-0.566410
-0.462650
-0.428470
-0.405270
-0.377200
-0.301510
-0.246580
-0.183110
-0.096436
-0.080566
-0.019531
0.109860
0.206300
0.343020
0.540770
0.734860
0.928960
1.036400
1.247600
1.455100
1.732200
1.899400
2.085000
2.215600
2.392600
2.531700
2.529300
2.368200
2.108200
1.712600
1.571000
1.728500
1.760300
1.541700
1.297600
1.256100
1.181600
0.922850
0.504150
0.290530
0.201420
0.249020
0.251460
0.158690
-0.017090
-0.095215
-0.139160
-0.153810
-0.249020
-0.473630
-0.541990
-0.588380
-0.611570
-0.589600
-0.631100
-0.718990
-0.809330
-0.786130
-0.672610
-0.678710
-0.593260
-0.563960
-0.572510
-0.604250
-0.589600
-0.529790
-0.668950
-0.814210
-0.717770
-0.627440
-0.510250
-0.438230
-0.349120
-0.239260
-0.258790
-0.278320
-0.115970
0.020752
0.174560
0.206300
0.338130
0.378420
0.411380
0.351560
0.360110
0.513920
0.413820
0.340580
0.249020
0.034180
-0.150150
-0.172120
-0.145260
-0.093994
-0.202640
-0.284420
-0.219730
-0.180660
-0.240480
-0.206300
-0.222170
-0.307620
-0.449220
-0.538330
-0.554200
-0.622560
-0.679930
-0.898440
-0.983890
-0.991210
-0.893550
-0.756840
-0.804440
-0.924070
-1.047400
