0.229490
0.172120
0.020752
0.042725
0.006104
0.104980
0.173340
0.239260
0.294190
0.278320
0.134280
0.042725
0.041504
-0.065918
-0.100100
-0.093994
-0.173340
0.058594
0.612790
1.003400
0.975340
0.938720
0.673830
0.802000
0.878910
0.605470
0.261230
0.040283
0.235600
0.351560
0.421140
0.487060
0.733640
0.711670
0.500490
0.445560
0.292970
0.050049
-0.108640
0.058594
0.220950
0.178220
0.108640
0.228270
0.137940
0.003662
-0.126950
-0.358890
-0.516360
-0.731200
-0.870360
-0.964360
-1.107200
-1.099900
-1.106000
-1.157200
-1.145000
-1.182900
-1.272000
-1.300000
-1.254900
-1.193800
-1.131600
-1.185300
-1.269500
-1.326900
-1.383100
-1.346400
-1.361100
-1.265900
-1.318400
-1.401400
-1.416000
-1.445300
-1.481900
-1.447800
-1.375700
-1.372100
-1.328100
-1.246300
-1.218300
-1.106000
-1.140100
-1.153600
-1.116900
-1.041300
-0.958250
-0.881350
-0.743410
-0.699460
-0.592040
-0.509030
-0.488280
-0.432130
-0.354000
-0.301510
-0.202640
-0.168460
-0.090332
0.052490
0.338130
0.650630
1.098600
1.619900
2.099600
2.498800
2.839400
3.151900
3.347200
3.118900
2.874800
2.735600
2.736800
2.393800
2.070300
1.800500
1.228000
0.866700
0.971680
0.772710
0.521240
0.655520
0.811770
1.226800
1.722400
1.844500
1.826200
1.605200
1.596700
1.519800
1.352500
1.169400
0.927730
0.649410
0.568850
0.571290
0.439450
0.325930
0.142820
-0.092773
-0.211180
-0.400390
-0.589600
-0.676270
-0.769040
-0.845950
-0.941160
-0.949710
-1.120600
-1.272000
-1.281700
-1.313500
-1.357400
-1.420900
-1.442900
-1.528300
-1.563700
-1.529500
-1.457500
-1.434300
-1.401400
-1.369600
-1.320800
-1.307400
-1.289100
-1.219500
-1.137700
-1.114500
-1.048600
-0.959470
-0.892330
-0.811770
-0.817870
-0.744630
-0.664060
-0.604250
-0.509030
-0.465090
-0.417480
-0.290530
-0.266110
-0.181880
-0.098877
-0.046387
0.052490
0.104980
0.151370
0.235600
0.316160
0.401610
0.527340
0.677490
0.791020
0.897220
0.965580
0.961910
0.972900
1.052200
1.213400
1.250000
1.250000
1.411100
1.439200
1.546600
1.783400
1.888400
1.938500
1.962900
1.706500
1.843300
1.910400
2.015400
1.855500
1.910400
1.925000
1.623500
1.439200
1.358600
1.474600
1.302500
1.018100
0.792240
0.744630
0.784910
0.606690
0.473630
0.368650
0.207520
0.000000
-0.136720
-0.244140
-0.422360
-0.592040
-0.758060
-0.765380
-0.788570
-0.971680
-1.068100
-1.141400
-1.234100
-1.140100
-1.156000
-1.192600
-1.186500
-1.206100
-1.240200
-1.302500
-1.234100
-1.209700
-1.215800
-1.213400
-1.108400
-1.103500
-1.118200
-1.063200
-1.040000
-0.948490
-0.977780
-1.031500
-1.073000
-1.104700
-1.063200
-0.970460
-0.863040
-0.875240
-0.798340
-0.788570
-0.687260
-0.697020
-0.659180
-0.559080
-0.433350
-0.357670
-0.250240
-0.158690
-0.051270
0.179440
0.430910
0.637210
0.864260
1.175500
1.575900
1.566200
1.735800
1.898200
2.000700
1.947000
1.759000
1.619900
1.186500
1.013200
0.982670
1.033900
1.063200
0.892330
1.021700
1.093800
1.176800
1.158400
0.917970
0.682370
0.511470
0.330810
0.174560
0.048828
0.102540
0.137940
0.294190
0.421140
0.439450
0.485840
0.355220
0.261230
0.090332
-0.074463
-0.157470
-0.216060
-0.328370
-0.367430
-0.390630
-0.440670
-0.454100
-0.495610
-0.579830
-0.523680
-0.587160
-0.627440
-0.745850
-0.756840
-0.803220
-0.872800
-0.883790
-0.981450
-1.075400
-1.154800
-1.245100
-1.232900
-1.215800
-1.175500
-1.154800
-1.148700
-1.158400
-1.130400
-1.125500
-1.093800
-1.048600
-0.988770
-1.037600
-1.101100
-1.079100
-0.952150
-0.903320
-0.856930
-0.897220
-0.899660
-0.812990
-0.759280
-0.748290
-0.736080
-0.717770
-0.692140
-0.649410
-0.561520
-0.384520
-0.179440
0.021973
0.211180
0.410160
0.668950
0.872800
1.198700
1.276900
1.300000
1.217000
1.314700
1.182900
1.051000
0.686040
0.593260
0.588380
0.751950
0.662840
0.793460
0.888670
0.859380
0.775150
0.836180
0.755620
0.699460
0.500490
0.513920
0.635990
0.405270
0.262450
0.456540
0.500490
0.267330
0.208740
0.117190
-0.012207
-0.148930
-0.197750
-0.269780
-0.357670
-0.355220
-0.411380
-0.561520
-0.662840
-0.607910
-0.587160
-0.676270
-0.777590
-0.867920
-0.872800
-0.902100
-0.922850
-0.805660
-0.710450
-0.657960
-0.701900
-0.665280
-0.736080
-0.803220
-0.909420
-0.979000
-0.982670
-0.943600
-0.827640
-0.754390
-0.678710
-0.666500
-0.747070
-0.662840
-0.540770
-0.500490
-0.578610
-0.770260
-0.612790
-0.544430
-0.440670
-0.383300
-0.273440
-0.206300
-0.250240
-0.241700
-0.239260
-0.067139
0.001221
-0.008545
0.010986
0.147710
0.373540
0.218510
0.205080
0.272220
0.208740
0.056152
0.206300
0.225830
0.312500
0.513920
0.722660
0.877690
0.834960
0.896000
0.822750
0.725100
0.675050
0.711670
0.559080
0.417480
0.258790
0.285640
0.384520
0.397950
0.260010
0.218510
0.103760
0.101320
0.035400
-0.184330
-0.156250
-0.186770
-0.349120
-0.441890
-0.562740
-0.600590
-0.617680
-0.541990
-0.584720
-0.566410
-0.596920
-0.684810
-0.744630
-0.791020
-0.679930
-0.683590
-0.701900
-0.638430
-0.659180
