-0.029297
0.020752
0.002441
0.039063
-0.021973
-0.041504
-0.194090
-0.195310
-0.200200
-0.180660
-0.087891
-0.052490
-0.007324
0.004883
0.107420
0.418700
0.651860
0.499270
0.330810
0.250240
0.341800
0.649410
0.651860
0.454100
0.565190
0.557860
0.532230
0.697020
0.688480
0.640870
0.803220
0.722660
0.699460
0.443120
0.316160
0.238040
0.181880
0.228270
0.167240
0.170900
0.283200
0.296630
0.196530
0.158690
0.019531
-0.236820
-0.600590
-0.854490
-0.889890
-0.896000
-1.047400
-1.115700
-1.099900
-1.018100
-1.062000
-1.109600
-1.203600
-1.256100
-1.242700
-1.243900
-1.284200
-1.306200
-1.306200
-1.331800
-1.303700
-1.281700
-1.245100
-1.226800
-1.267100
-1.241500
-1.175500
-1.180400
-1.208500
-1.158400
-1.125500
-1.077900
-1.077900
-1.013200
-0.960690
-0.876460
-0.778810
-0.742190
-0.717770
-0.673830
-0.573730
-0.499270
-0.433350
-0.336910
-0.262450
-0.228270
-0.180660
-0.095215
-0.009766
-0.004883
0.023193
0.083008
0.146480
0.278320
0.368650
0.633540
1.081500
1.626000
2.141100
2.380400
2.469500
2.640400
2.627000
2.486600
2.550000
2.504900
2.415800
2.242400
1.964100
1.911600
1.816400
1.743200
1.569800
1.292700
0.946040
0.687260
0.723880
0.690920
0.535890
0.070801
-0.234380
-0.155030
0.018311
0.231930
0.385740
0.748290
1.221900
1.539300
1.755400
1.911600
2.044700
1.840800
1.593000
1.342800
1.293900
1.198700
0.960690
0.836180
0.766600
0.865480
0.690920
0.268550
0.048828
-0.179440
-0.450440
-0.623780
-0.756840
-0.952150
-1.180400
-1.383100
-1.455100
-1.425800
-1.480700
-1.622300
-1.673600
-1.676000
-1.711400
-1.729700
-1.762700
-1.755400
-1.749300
-1.763900
-1.806600
-1.795700
-1.814000
-1.777300
-1.683300
-1.605200
-1.561300
-1.429400
-1.369600
-1.328100
-1.232900
-1.124300
-0.998540
-0.844730
-0.764160
-0.720210
-0.557860
-0.433350
-0.311280
-0.277100
-0.229490
-0.147710
-0.080566
-0.014648
0.014648
-0.009766
-0.042725
0.057373
0.134280
0.183110
0.318600
0.390630
0.518800
0.541990
0.592040
0.780030
0.915530
1.130400
1.351300
1.455100
1.673600
1.956800
2.114300
2.229000
2.270500
2.272900
2.207000
2.121600
2.066700
1.934800
2.033700
1.848100
1.702900
1.506300
1.380600
1.213400
1.005900
0.966800
0.880130
0.817870
0.633540
0.493160
0.391850
0.367430
0.240480
0.091553
-0.064697
-0.236820
-0.255130
-0.327150
-0.379640
-0.410160
-0.422360
-0.417480
-0.440670
-0.493160
-0.493160
-0.555420
-0.681150
-0.662840
-0.725100
-0.772710
-0.729980
-0.717770
-0.726320
-0.732420
-0.800780
-0.881350
-0.822750
-0.737300
-0.760500
-0.721440
-0.655520
-0.664060
-0.518800
-0.300290
-0.136720
0.042725
0.122070
0.050049
-0.213620
-0.147710
-0.103760
-0.203860
-0.157470
-0.091553
-0.087891
-0.037842
0.079346
0.133060
0.085449
0.102540
0.002441
-0.058594
-0.166020
-0.307620
-0.289310
-0.438230
-0.455320
-0.268550
-0.097656
0.102540
-0.028076
0.057373
0.278320
0.216060
0.194090
0.067139
-0.343020
-0.668950
-0.621340
-0.541990
-0.562740
-0.479740
-0.395510
-0.418700
-0.297850
-0.308840
-0.340580
-0.406490
-0.472410
-0.432130
-0.507810
-0.544430
-0.592040
-0.694580
-0.754390
-0.943600
-1.036400
-1.084000
-1.038800
-0.958250
-1.012000
-1.084000
-1.018100
-0.965580
-0.902100
-0.919190
-0.888670
-0.845950
-0.791020
-0.749510
-0.715330
-0.638430
-0.543210
-0.592040
-0.539550
-0.382080
-0.347900
-0.286870
-0.269780
-0.218510
-0.166020
-0.217290
-0.220950
-0.211180
-0.192870
-0.217290
-0.205080
-0.191650
-0.118410
-0.054932
0.067139
0.150150
0.187990
0.179440
0.240480
0.290530
0.408940
0.590820
0.708010
0.791020
0.892330
0.993650
1.082800
0.969240
0.880130
0.904540
0.875240
0.814210
0.723880
0.782470
0.872800
0.844730
0.869140
0.997310
0.797120
0.823970
1.024200
1.098600
0.651860
0.560300
0.474850
0.520020
0.457760
0.139160
-0.236820
-0.616460
-0.686040
-0.583500
-0.391850
-0.494380
-0.539550
-0.393070
-0.267330
-0.134280
0.059814
0.047607
0.135500
0.322270
0.512700
0.560300
0.620120
0.489500
0.495610
0.445560
0.399170
0.236820
0.108640
-0.008545
-0.092773
-0.091553
-0.183110
-0.250240
-0.347900
-0.389400
-0.517580
-0.675050
-0.743410
-0.748290
-0.721440
-0.721440
-0.687260
-0.715330
-0.791020
-0.811770
-0.795900
-0.694580
-0.510250
-0.490720
-0.362550
-0.333250
-0.258790
-0.173340
-0.104980
-0.067139
0.106200
0.291750
0.413820
0.541990
0.679930
0.740970
0.788570
0.710450
0.665280
0.897220
1.020500
0.858150
0.833740
0.794680
0.642090
0.499270
0.456540
0.484620
0.472410
0.317380
0.002441
0.019531
0.112300
-0.010986
-0.234380
-0.327150
-0.240480
-0.147710
-0.115970
-0.137940
0.020752
0.163570
0.207520
0.310060
0.280760
0.148930
0.091553
0.217290
0.285640
0.285640
0.233150
0.169680
0.072021
-0.025635
-0.102540
-0.206300
-0.203860
-0.228270
-0.257570
-0.252690
-0.139160
-0.262450
-0.249020
-0.218510
-0.107420
0.054932
0.001221
-0.087891
-0.256350
-0.305180
-0.277100
-0.394290
-0.484620
-0.522460
-0.410160
-0.358890
-0.271000
-0.197750
