0.101320
0.113530
0.316160
0.284420
0.166020
0.092773
0.006104
0.031738
0.065918
0.037842
0.090332
0.271000
0.239260
0.141600
0.151370
0.211180
0.639650
1.108400
1.043700
0.804440
0.494380
0.352780
0.617680
0.891110
0.675050
0.417480
0.261230
0.294190
0.777590
0.983890
0.961910
0.975340
1.003400
0.831300
0.406490
0.371090
0.439450
0.241700
0.235600
0.218510
0.119630
0.285640
0.122070
0.042725
0.021973
-0.211180
-0.504150
-0.758060
-0.948490
-0.957030
-1.047400
-1.002200
-1.004600
-1.007100
-1.030300
-1.107200
-1.142600
-1.175500
-1.209700
-1.278100
-1.369600
-1.368400
-1.372100
-1.492900
-1.494100
-1.483200
-1.563700
-1.582000
-1.582000
-1.507600
-1.543000
-1.539300
-1.516100
-1.502700
-1.433100
-1.395300
-1.392800
-1.352500
-1.270800
-1.226800
-1.182900
-1.149900
-1.088900
-1.051000
-1.013200
-0.906980
-0.766600
-0.651860
-0.646970
-0.621340
-0.585940
-0.563960
-0.461430
-0.390630
-0.334470
-0.260010
-0.117190
0.042725
0.184330
0.379640
0.703130
1.228000
1.926300
2.410900
2.785600
3.173800
3.245800
3.149400
3.067600
2.907700
2.779500
2.137500
2.012900
1.762700
1.381800
1.071800
0.726320
0.948490
1.129200
1.228000
1.402600
1.571000
1.883500
1.918900
1.966600
1.964100
1.822500
1.557600
1.424600
1.333000
1.251200
1.229200
1.232900
1.164600
1.106000
1.209700
1.120600
0.924070
0.712890
0.556640
0.527340
0.173340
-0.057373
-0.268550
-0.494380
-0.572510
-0.697020
-0.799560
-1.054700
-1.123000
-1.198700
-1.314700
-1.485600
-1.511200
-1.629600
-1.668700
-1.640600
-1.646700
-1.669900
-1.688200
-1.732200
-1.685800
-1.617400
-1.656500
-1.547900
-1.461200
-1.350100
-1.368400
-1.286600
-1.314700
-1.270800
-1.206100
-1.130400
-1.035200
-1.043700
-0.943600
-0.830080
-0.863040
-0.760500
-0.649410
-0.538330
-0.455320
-0.364990
-0.299070
-0.191650
-0.128170
-0.095215
-0.003662
0.068359
0.219730
0.296630
0.351560
0.450440
0.529790
0.682370
0.841060
1.035200
1.275600
1.538100
1.709000
1.851800
2.059300
2.534200
2.605000
2.519500
2.559800
2.540300
2.424300
2.285200
2.330300
2.313200
2.248500
2.060500
1.639400
1.408700
1.434300
1.328100
1.059600
0.773930
0.488280
0.299070
0.080566
-0.115970
-0.166020
-0.295410
-0.356450
-0.418700
-0.498050
-0.596920
-0.576170
-0.551760
-0.540770
-0.583500
-0.699460
-0.825200
-0.921630
-0.894780
-0.911870
-0.947270
-1.027800
-0.977780
-0.968020
-1.001000
-0.976560
-0.985110
-0.963130
-0.976560
-0.856930
-0.837400
-0.845950
-0.880130
-0.834960
-0.900880
-0.924070
-0.905760
-0.874020
-0.765380
-0.791020
-0.753170
-0.645750
-0.501710
-0.450440
-0.296630
-0.217290
-0.075684
0.141600
0.230710
0.277100
0.435790
0.538330
0.587160
0.659180
0.799560
0.983890
1.040000
1.193800
1.247600
1.196300
1.179200
1.286600
0.991210
0.899660
0.803220
0.856930
0.837400
0.509030
0.512700
0.478520
0.351560
0.058594
0.034180
0.024414
0.013428
-0.019531
-0.076904
-0.076904
-0.074463
-0.095215
-0.189210
-0.407710
-0.670170
-0.778810
-0.821530
-0.802000
-0.867920
-0.963130
-0.954590
-0.980220
-1.127900
-1.129200
-1.198700
-1.162100
-1.110800
-1.115700
-1.170700
-1.124300
-1.168200
-1.256100
-1.243900
-1.326900
-1.355000
-1.276900
-1.214600
-1.215800
-1.175500
-1.109600
-1.021700
-0.976560
-0.952150
-0.955810
-0.994870
-0.928960
-0.794680
-0.708010
-0.566410
-0.490720
-0.438230
-0.313720
-0.242920
-0.175780
-0.146480
-0.095215
0.024414
0.085449
0.219730
0.402830
0.794680
1.132800
1.495400
1.676000
1.859100
1.870100
1.740700
1.685800
1.463600
1.508800
1.529500
1.236600
1.088900
1.104700
1.064500
0.882570
0.700680
0.512700
0.278320
0.150150
0.035400
-0.095215
-0.141600
-0.205080
-0.291750
-0.300290
-0.390630
-0.435790
-0.452880
-0.603030
-0.727540
-0.758060
-0.817870
-0.902100
-0.939940
-0.950930
-0.988770
-0.881350
-0.622560
-0.489500
-0.373540
-0.375980
-0.419920
-0.428470
-0.367430
-0.308840
-0.253910
-0.351560
-0.339360
-0.404050
-0.457760
-0.374760
-0.238040
-0.078125
-0.014648
0.023193
0.117190
0.158690
0.261230
0.241700
0.250240
0.253910
0.162350
-0.062256
-0.083008
-0.278320
-0.485840
-0.374760
-0.238040
-0.227050
-0.272220
-0.244140
-0.084229
0.067139
0.103760
0.098877
-0.035400
-0.163570
-0.241700
-0.163570
-0.062256
-0.053711
-0.164790
-0.173340
-0.198970
-0.227050
-0.291750
-0.164790
-0.179440
-0.207520
-0.187990
-0.134280
-0.229490
-0.305180
-0.355220
-0.394290
-0.313720
-0.281980
-0.222170
-0.172120
-0.157470
-0.097656
-0.068359
-0.047607
-0.101320
-0.058594
0.072021
0.184330
0.208740
0.114750
0.106200
0.242920
0.250240
0.113530
0.030518
-0.064697
-0.040283
-0.072021
-0.072021
-0.119630
-0.031738
0.072021
-0.008545
-0.025635
-0.045166
-0.053711
-0.025635
-0.078125
-0.083008
-0.015869
0.152590
0.211180
0.233150
0.191650
0.184330
0.148930
0.070801
-0.008545
-0.017090
0.085449
0.256350
0.227050
0.128170
0.096436
0.124510
0.125730
0.090332
0.118410
0.115970
0.122070
0.087891
0.030518
-0.026855
-0.030518
