-0.020752
0.086670
0.280760
0.413820
0.206300
-0.017090
-0.151370
-0.157470
0.017090
0.008545
-0.047607
0.065918
0.273440
0.242920
0.349120
0.364990
0.664060
1.113300
1.043700
0.808110
0.791020
0.579830
0.727540
0.816650
0.753170
0.642090
0.203860
0.015869
0.141600
0.249020
0.397950
0.559080
0.382080
0.262450
0.338130
0.020752
-0.318600
-0.358890
-0.108640
-0.023193
0.029297
0.000000
-0.104980
-0.118410
-0.103760
-0.026855
-0.251460
-0.446780
-0.615230
-0.780030
-0.771480
-0.775150
-0.761720
-0.745850
-0.832520
-0.932620
-0.954590
-1.014400
-1.057100
-1.213400
-1.295200
-1.270800
-1.217000
-1.180400
-1.201200
-1.230500
-1.281700
-1.290300
-1.318400
-1.286600
-1.263400
-1.246300
-1.196300
-1.193800
-1.220700
-1.215800
-1.157200
-1.093800
-0.980220
-0.932620
-0.886230
-0.827640
-0.804440
-0.769040
-0.756840
-0.687260
-0.600590
-0.584720
-0.510250
-0.433350
-0.389400
-0.358890
-0.321040
-0.268550
-0.162350
-0.129390
-0.097656
0.026855
0.100100
0.246580
0.478520
0.837400
1.273200
1.610100
2.000700
2.331500
2.482900
2.692900
2.893100
2.928500
3.015100
2.987100
2.834500
2.536600
2.467000
2.404800
2.058100
1.767600
1.303700
1.070600
0.791020
0.440670
0.325930
0.239260
0.223390
0.776370
1.280500
1.462400
1.685800
1.845700
2.110600
2.074000
1.870100
1.735800
1.467300
1.035200
0.842290
0.834960
0.888670
0.900880
0.843510
0.758060
0.505370
0.284420
0.073242
-0.107420
-0.252690
-0.310060
-0.351560
-0.576170
-0.772710
-0.957030
-1.097400
-1.230500
-1.309800
-1.458700
-1.563700
-1.538100
-1.594200
-1.568600
-1.513700
-1.514900
-1.475800
-1.451400
-1.436800
-1.441700
-1.351300
-1.374500
-1.304900
-1.169400
-1.074200
-1.047400
-1.065700
-0.936280
-0.864260
-0.712890
-0.611570
-0.637210
-0.579830
-0.506590
-0.454100
-0.446780
-0.402830
-0.334470
-0.274660
-0.207520
-0.104980
-0.009766
0.032959
0.070801
0.115970
0.175780
0.280760
0.325930
0.350340
0.468750
0.524900
0.607910
0.639650
0.677490
0.744630
0.740970
0.765380
0.821530
0.855710
0.872800
1.037600
1.322000
1.496600
1.583300
1.711400
1.920200
1.965300
1.967800
1.927500
1.865200
1.539300
1.444100
1.340300
1.295200
1.231700
1.329300
1.325700
1.433100
1.239000
1.007100
0.839840
0.688480
0.605470
0.472410
0.310060
0.152590
0.012207
-0.150150
-0.187990
-0.302730
-0.449220
-0.675050
-0.825200
-0.874020
-1.013200
-1.202400
-1.186500
-1.208500
-1.231700
-1.300000
-1.319600
-1.290300
-1.245100
-1.163300
-1.158400
-1.112100
-1.102300
-1.159700
-1.192600
-1.240200
-1.174300
-1.071800
-0.960690
-0.909420
-0.939940
-0.905760
-0.870360
-0.897220
-0.831300
-0.953370
-0.964360
-0.860600
-0.766600
-0.703130
-0.583500
-0.526120
-0.515140
-0.506590
-0.456540
-0.434570
-0.405270
-0.384520
-0.217290
-0.212400
-0.152590
0.106200
0.261230
0.450440
0.666500
0.825200
1.093800
1.387900
1.516100
1.546600
1.276900
0.891110
0.622560
0.494380
0.389400
0.266110
0.423580
0.462650
0.635990
0.695800
0.742190
0.939940
0.710450
0.458980
0.430910
0.480960
0.418700
0.267330
0.445560
0.526120
0.479740
0.209960
0.052490
-0.045166
-0.151370
-0.136720
-0.230710
-0.341800
-0.429690
-0.543210
-0.600590
-0.721440
-0.773930
-0.839840
-0.839840
-0.812990
-0.772710
-0.753170
-0.776370
-0.825200
-0.870360
-0.859380
-0.947270
-0.911870
-0.913090
-0.928960
-0.961910
-0.874020
-0.842290
-0.930180
-0.930180
-0.950930
-0.997310
-1.038800
-1.088900
-1.138900
-1.186500
-1.143800
-1.073000
-1.109600
-1.130400
-1.059600
-1.049800
-0.993650
-0.999760
-0.974120
-0.886230
-0.765380
-0.588380
-0.385740
-0.417480
-0.300290
-0.102540
0.026855
0.366210
0.616460
0.815430
0.989990
1.300000
1.740700
1.887200
1.716300
1.375700
1.121800
1.118200
1.035200
0.859380
0.823970
0.615230
0.638430
0.656740
0.762940
0.729980
0.642090
0.545650
0.615230
0.653080
0.551760
0.548100
0.622560
0.507810
0.407710
0.368650
0.361330
0.230710
0.109860
0.112300
0.145260
0.090332
0.053711
-0.130620
-0.194090
-0.233150
-0.328370
-0.457760
-0.465090
-0.479740
-0.518800
-0.605470
-0.610350
-0.660400
-0.717770
-0.798340
-0.800780
-0.784910
-0.666500
-0.697020
-0.607910
-0.432130
-0.257570
-0.067139
-0.012207
0.161130
0.305180
0.432130
0.504150
0.642090
0.740970
0.678710
0.625000
0.621340
0.621340
0.538330
0.402830
0.255130
0.136720
0.045166
0.039063
0.120850
0.117190
0.170900
0.281980
0.354000
0.124510
0.194090
0.194090
0.152590
0.178220
0.169680
0.225830
0.062256
-0.003662
0.023193
0.095215
0.189210
0.080566
-0.062256
-0.181880
-0.279540
-0.339360
-0.229490
-0.227050
-0.280760
-0.299070
-0.375980
-0.360110
-0.261230
-0.212400
-0.229490
-0.418700
-0.603030
-0.661620
-0.578610
-0.539550
-0.512700
-0.418700
-0.438230
-0.421140
-0.389400
-0.417480
-0.284420
-0.363770
-0.283200
-0.330810
-0.479740
-0.383300
-0.251460
-0.166020
-0.196530
-0.155030
-0.087891
-0.065918
0.004883
-0.047607
-0.155030
-0.170900
-0.247800
-0.291750
-0.307620
-0.322270
