-0.093994
0.177000
0.229490
0.079346
-0.013428
0.036621
-0.036621
-0.041504
0.048828
-0.035400
-0.103760
-0.054932
-0.158690
-0.080566
-0.214840
-0.317380
-0.170900
0.115970
0.517580
0.845950
0.788570
0.617680
0.482180
0.472410
0.478520
0.493160
0.303960
-0.152590
-0.208740
0.002441
0.234380
0.212400
0.032959
0.054932
0.224610
0.294190
-0.122070
-0.401610
-0.230710
-0.004883
0.068359
-0.043945
-0.048828
0.095215
0.064697
0.008545
-0.195310
-0.428470
-0.581050
-0.716550
-0.759280
-0.754390
-0.783690
-0.787350
-0.692140
-0.644530
-0.800780
-0.900880
-1.043700
-1.180400
-1.224400
-1.273200
-1.289100
-1.242700
-1.267100
-1.402600
-1.479500
-1.616200
-1.649200
-1.691900
-1.600300
-1.633300
-1.588100
-1.561300
-1.535600
-1.491700
-1.468500
-1.450200
-1.389200
-1.269500
-1.162100
-1.077900
-1.012000
-0.927730
-0.867920
-0.745850
-0.673830
-0.581050
-0.469970
-0.424800
-0.350340
-0.274660
-0.229490
-0.186770
-0.107420
-0.034180
0.006104
0.106200
0.205080
0.264890
0.340580
0.446780
0.710450
1.076700
1.591800
2.094700
2.589100
2.968800
3.241000
3.303200
3.214100
3.118900
2.990700
2.729500
2.412100
2.368200
2.030000
1.787100
1.419700
1.065700
0.760500
0.565190
0.563960
0.726320
1.064500
1.580800
1.505100
1.480700
1.613800
1.760300
1.792000
1.691900
1.557600
1.535600
1.442900
1.528300
1.575900
1.484400
1.309800
1.223100
1.040000
1.004600
1.027800
1.168200
1.141400
0.916750
0.784910
0.592040
0.362550
0.058594
-0.161130
-0.373540
-0.517580
-0.577390
-0.688480
-0.778810
-1.010700
-1.213400
-1.334200
-1.425800
-1.540500
-1.621100
-1.643100
-1.634500
-1.577100
-1.499000
-1.528300
-1.630900
-1.579600
-1.538100
-1.503900
-1.554000
-1.589400
-1.582000
-1.555200
-1.540500
-1.503900
-1.392800
-1.267100
-1.173100
-1.157200
-1.152300
-1.053500
-0.985110
-0.875240
-0.749510
-0.726320
-0.631100
-0.488280
-0.275880
-0.080566
0.058594
0.169680
0.255130
0.253910
0.418700
0.535890
0.637210
0.769040
0.924070
1.215800
1.480700
1.521000
1.596700
1.794400
1.846900
1.914100
1.959200
2.139900
2.246100
2.185100
2.030000
1.984900
1.870100
1.777300
1.720000
1.328100
1.269500
1.048600
0.881350
0.822750
0.717770
0.642090
0.477290
0.325930
-0.009766
-0.231930
-0.296630
-0.355220
-0.358890
-0.522460
-0.651860
-0.797120
-0.882570
-0.933840
-0.988770
-1.120600
-1.086400
-1.143800
-1.256100
-1.286600
-1.286600
-1.292700
-1.308600
-1.286600
-1.323200
-1.352500
-1.419700
-1.429400
-1.528300
-1.513700
-1.464800
-1.481900
-1.500200
-1.502700
-1.450200
-1.462400
-1.414800
-1.247600
-1.129200
-1.074200
-1.015600
-0.936280
-0.908200
-0.909420
-0.847170
-0.758060
-0.672610
-0.581050
-0.456540
-0.269780
-0.150150
-0.068359
-0.047607
0.052490
0.148930
0.139160
0.220950
0.399170
0.511470
0.562740
0.754390
0.836180
0.938720
1.158400
1.491700
1.848100
2.114300
2.185100
2.351100
2.374300
2.496300
2.509800
2.426800
2.374300
1.929900
1.970200
1.612500
1.496600
1.433100
1.235400
1.046100
0.776370
0.600590
0.338130
0.057373
-0.162350
-0.234380
-0.284420
-0.322270
-0.272220
-0.253910
-0.255130
-0.189210
-0.069580
0.002441
0.004883
-0.148930
-0.236820
-0.395510
-0.483400
-0.456540
-0.543210
-0.617680
-0.637210
-0.566410
-0.661620
-0.842290
-0.946040
-0.966800
-1.052200
-1.142600
-1.212200
-1.301300
-1.374500
-1.446500
-1.474600
-1.384300
-1.367200
-1.372100
-1.348900
-1.374500
-1.387900
-1.328100
-1.298800
-1.267100
-1.206100
-1.131600
-1.142600
-1.071800
-0.988770
-0.924070
-0.855710
-0.864260
-0.754390
-0.729980
-0.689700
-0.612790
-0.572510
-0.474850
-0.375980
-0.356450
-0.316160
-0.203860
-0.177000
-0.142820
-0.085449
-0.015869
0.135500
0.310060
0.579830
0.712890
0.872800
1.115700
1.312300
1.566200
1.816400
1.789600
1.630900
1.181600
0.985110
1.218300
1.375700
1.518600
1.777300
1.729700
1.770000
1.975100
1.947000
1.790800
1.479500
1.302500
1.263400
0.888670
0.629880
0.552980
0.626220
0.473630
0.511470
0.382080
0.007324
0.002441
0.069580
0.007324
0.052490
-0.029297
-0.153810
-0.289310
-0.461430
-0.582280
-0.506590
-0.599370
-0.654300
-0.472410
-0.329590
-0.302730
-0.502930
-0.612790
-0.620120
-0.605470
-0.485840
-0.393070
-0.437010
-0.598140
-0.618900
-0.557860
-0.522460
-0.402830
-0.184330
-0.222170
-0.317380
-0.253910
-0.152590
-0.126950
-0.089111
-0.170900
-0.220950
-0.118410
0.080566
0.185550
0.091553
0.148930
0.175780
0.086670
-0.050049
-0.250240
-0.274660
-0.405270
-0.515140
-0.538330
-0.366210
-0.200200
-0.234380
-0.246580
-0.251460
-0.366210
-0.366210
-0.418700
-0.539550
-0.588380
-0.467530
-0.385740
-0.458980
-0.560300
-0.565190
-0.560300
-0.532230
-0.607910
-0.644530
-0.756840
-0.780030
-0.662840
-0.590820
-0.726320
-0.767820
-0.565190
-0.451660
-0.490720
-0.458980
-0.417480
-0.275880
-0.214840
-0.161130
-0.145260
-0.235600
-0.225830
-0.198970
-0.201420
-0.159910
0.004883
0.041504
-0.003662
-0.063477
0.118410
0.167240
0.197750
0.180660
0.148930
0.086670
0.032959
