-0.023193
0.020752
0.153810
0.136720
0.064697
0.106200
-0.028076
0.050049
0.161130
0.214840
0.218510
0.075684
0.079346
0.200200
0.112300
0.031738
0.084229
0.490720
0.639650
0.654300
0.716550
0.568850
0.546880
0.769040
0.869140
0.601810
0.615230
0.345460
0.067139
0.034180
0.119630
0.401610
0.601810
0.621340
0.286870
0.047607
0.035400
0.104980
0.305180
0.253910
0.036621
0.087891
0.343020
0.434570
0.367430
0.019531
-0.219730
-0.374760
-0.622560
-0.793460
-0.732420
-0.767820
-0.805660
-0.928960
-1.003400
-1.066900
-1.138900
-1.214600
-1.218300
-1.245100
-1.148700
-1.048600
-1.140100
-1.198700
-1.241500
-1.328100
-1.395300
-1.472200
-1.419700
-1.401400
-1.391600
-1.367200
-1.344000
-1.400100
-1.356200
-1.283000
-1.276900
-1.170700
-1.093800
-1.051000
-1.030300
-0.963130
-0.938720
-0.946040
-0.930180
-0.905760
-0.802000
-0.699460
-0.681150
-0.668950
-0.590820
-0.528560
-0.518800
-0.395510
-0.393070
-0.388180
-0.245360
-0.010986
0.166020
0.340580
0.684810
1.027800
1.484400
1.927500
2.257100
2.525600
2.810100
3.066400
2.984600
2.876000
2.844200
2.738000
2.812500
2.641600
2.391400
1.977500
1.462400
0.938720
0.728760
0.487060
0.471190
0.712890
1.068100
1.214600
1.416000
1.711400
1.987300
2.043500
1.975100
1.994600
1.916500
1.754200
1.684600
1.568600
1.357400
1.048600
0.999760
0.844730
0.635990
0.363770
0.256350
0.120850
-0.017090
-0.174560
-0.355220
-0.595700
-0.858150
-1.060800
-1.214600
-1.295200
-1.339100
-1.396500
-1.469700
-1.547900
-1.676000
-1.706500
-1.720000
-1.619900
-1.501500
-1.477100
-1.420900
-1.358600
-1.359900
-1.323200
-1.285400
-1.341600
-1.303700
-1.186500
-1.098600
-1.053500
-1.026600
-1.003400
-1.004600
-0.970460
-0.837400
-0.759280
-0.717770
-0.601810
-0.495610
-0.397950
-0.358890
-0.369870
-0.292970
-0.172120
-0.147710
-0.108640
-0.051270
-0.078125
0.020752
0.141600
0.192870
0.284420
0.379640
0.440670
0.593260
0.601810
0.668950
0.732420
0.773930
0.893550
0.942380
0.805660
0.855710
0.936280
0.999760
1.164600
1.219500
1.344000
1.529500
1.721200
2.014200
2.036100
1.803000
1.838400
1.854200
1.693100
1.741900
1.635700
1.540500
1.525900
1.355000
1.104700
0.937500
0.989990
0.959470
0.919190
0.742190
0.573730
0.395510
0.224610
0.114750
-0.065918
-0.296630
-0.380860
-0.523680
-0.675050
-0.701900
-0.734860
-0.749510
-0.819090
-0.892330
-0.975340
-1.047400
-1.135300
-1.229200
-1.245100
-1.236600
-1.306200
-1.336700
-1.429400
-1.501500
-1.434300
-1.361100
-1.373300
-1.250000
-1.185300
-1.127900
-1.098600
-1.107200
-1.123000
-1.102300
-1.171900
-1.159700
-1.146200
-1.149900
-1.136500
-1.154800
-1.225600
-1.214600
-1.135300
-1.071800
-0.971680
-0.989990
-1.049800
-0.888670
-0.811770
-0.734860
-0.659180
-0.601810
-0.501710
-0.363770
-0.229490
-0.095215
0.025635
0.139160
0.352780
0.670170
0.948490
1.303700
1.842000
2.263200
2.439000
2.349900
2.016600
1.577100
1.453900
1.090100
0.700680
0.637210
0.738530
0.920410
1.073000
1.142600
1.081500
1.102300
1.096200
0.963130
0.688480
0.452880
0.301510
0.335690
0.421140
0.439450
0.340580
0.214840
0.041504
-0.076904
-0.241700
-0.321040
-0.385740
-0.429690
-0.579830
-0.657960
-0.708010
-0.729980
-0.673830
-0.759280
-0.738530
-0.781250
-0.782470
-0.787350
-0.834960
-0.871580
-0.987550
-0.963130
-1.030300
-1.096200
-1.070600
-0.971680
-0.952150
-0.916750
-0.932620
-0.911870
-0.916750
-0.911870
-0.904540
-0.882570
-0.849610
-0.861820
-0.798340
-0.755620
-0.748290
-0.755620
-0.748290
-0.706790
-0.711670
-0.665280
-0.706790
-0.653080
-0.621340
-0.507810
-0.374760
-0.332030
-0.347900
-0.313720
-0.229490
-0.208740
-0.081787
0.007324
0.137940
0.312500
0.616460
0.834960
1.151100
1.284200
1.367200
1.281700
1.239000
1.159700
1.162100
1.024200
0.660400
0.550540
0.657960
0.837400
0.852050
0.810550
0.654300
0.574950
0.712890
0.860600
0.645750
0.417480
0.405270
0.408940
0.412600
0.491940
0.422360
0.152590
-0.021973
0.120850
0.139160
0.155030
0.313720
0.333250
0.177000
0.240480
0.275880
0.175780
0.100100
-0.025635
-0.224610
-0.418700
-0.466310
-0.457760
-0.572510
-0.623780
-0.655520
-0.693360
-0.841060
-0.887450
-0.930180
-0.958250
-0.999760
-1.046100
-1.044900
-1.049800
-1.035200
-1.080300
-1.022900
-0.998540
-0.936280
-0.830080
-0.695800
-0.610350
-0.496830
-0.408940
-0.424800
-0.336910
-0.261230
-0.219730
-0.114750
-0.026855
0.069580
0.196530
0.318600
0.454100
0.548100
0.678710
0.739750
0.819090
0.859380
0.957030
1.082800
1.291500
1.319600
1.213400
1.197500
1.169400
1.145000
0.959470
0.871580
0.648190
0.406490
0.397950
0.406490
0.493160
0.429690
0.404050
0.511470
0.434570
0.349120
0.280760
0.262450
0.109860
-0.017090
0.031738
-0.072021
-0.209960
-0.313720
-0.374760
-0.424800
-0.468750
-0.469970
-0.532230
-0.595700
-0.582280
-0.457760
-0.454100
-0.532230
-0.572510
-0.565190
-0.577390
-0.582280
-0.573730
-0.532230
-0.417480
-0.383300
-0.285640
-0.147710
