0.091553
0.067139
0.012207
0.012207
-0.059814
-0.200200
-0.347900
-0.358890
-0.261230
-0.053711
0.039063
0.067139
-0.091553
-0.247800
-0.168460
0.069580
0.491940
1.009500
0.760500
0.623780
0.754390
0.804440
0.798340
0.771480
0.540770
0.173340
0.275880
0.430910
0.513920
0.609130
0.722660
0.756840
0.578610
0.518800
0.135500
-0.263670
-0.236820
0.084229
0.219730
0.195310
0.224610
0.087891
-0.100100
-0.019531
0.013428
-0.111080
-0.274660
-0.422360
-0.650630
-0.689700
-0.626220
-0.694580
-0.747070
-0.777590
-0.791020
-0.859380
-0.872800
-0.924070
-0.924070
-0.908200
-0.968020
-0.982670
-1.007100
-1.126700
-1.174300
-1.247600
-1.234100
-1.241500
-1.217000
-1.232900
-1.165800
-1.242700
-1.189000
-1.165800
-1.163300
-1.096200
-1.042500
-0.943600
-0.893550
-0.906980
-0.860600
-0.852050
-0.812990
-0.728760
-0.722660
-0.681150
-0.634770
-0.546880
-0.495610
-0.448000
-0.369870
-0.310060
-0.219730
-0.114750
-0.089111
-0.104980
-0.072021
0.040283
0.158690
0.295410
0.551760
0.989990
1.597900
2.246100
2.517100
2.833300
2.905300
3.112800
3.012700
2.725800
2.580600
2.087400
1.826200
1.904300
1.987300
1.788300
1.545400
1.246300
0.858150
0.697020
0.704350
0.883790
1.099900
1.069300
1.436800
1.805400
2.065400
2.161900
2.088600
1.860400
1.784700
1.582000
1.374500
1.165800
0.961910
0.782470
0.614010
0.581050
0.623780
0.764160
0.798340
0.683590
0.689700
0.812990
0.637210
0.537110
0.271000
-0.095215
-0.463870
-0.673830
-0.756840
-0.888670
-1.091300
-1.224400
-1.336700
-1.527100
-1.589400
-1.626000
-1.621100
-1.639400
-1.727300
-1.693100
-1.809100
-1.784700
-1.787100
-1.748000
-1.676000
-1.617400
-1.499000
-1.417200
-1.335400
-1.329300
-1.308600
-1.218300
-1.140100
-1.074200
-0.942380
-0.892330
-0.789790
-0.700680
-0.632320
-0.554200
-0.494380
-0.520020
-0.468750
-0.402830
-0.301510
-0.253910
-0.203860
-0.130620
-0.054932
0.007324
0.179440
0.332030
0.454100
0.574950
0.698240
0.810550
0.780030
0.863040
0.827640
0.916750
1.173100
1.370800
1.486800
1.599100
2.105700
2.265600
2.690400
2.847900
2.673300
2.430400
2.334000
2.172900
2.011700
1.845700
1.732200
1.745600
1.624800
1.490500
1.478300
1.572300
1.263400
1.018100
0.784910
0.668950
0.645750
0.568850
0.421140
0.115970
-0.037842
-0.155030
-0.363770
-0.498050
-0.618900
-0.700680
-0.843510
-0.933840
-0.919190
-1.030300
-1.116900
-1.207300
-1.262200
-1.339100
-1.491700
-1.524700
-1.574700
-1.501500
-1.546600
-1.594200
-1.654100
-1.713900
-1.784700
-1.688200
-1.682100
-1.782200
-1.790800
-1.690700
-1.617400
-1.510000
-1.654100
-1.630900
-1.451400
-1.302500
-1.253700
-1.256100
-1.174300
-1.077900
-0.985110
-1.015600
-0.957030
-0.850830
-0.809330
-0.697020
-0.588380
-0.487060
-0.500490
-0.407710
-0.252690
-0.109860
-0.059814
-0.046387
0.124510
0.301510
0.533450
0.839840
1.315900
1.844500
2.345000
2.834500
3.111600
2.926000
2.480500
1.961700
1.416000
1.313500
1.048600
0.996090
0.815430
0.843510
0.917970
1.069300
1.446500
1.641800
1.334200
0.961910
0.577390
0.284420
0.362550
0.296630
0.246580
-0.102540
-0.178220
-0.264890
-0.323490
-0.299070
-0.184330
-0.192870
-0.217290
-0.075684
0.078125
0.083008
0.192870
0.144040
0.170900
0.313720
0.340580
0.253910
-0.191650
-0.473630
-0.653080
-0.706790
-0.800780
-0.886230
-1.044900
-1.119400
-1.206100
-1.366000
-1.584500
-1.761500
-1.948200
-2.054400
-2.105700
-2.185100
-2.160600
-2.025100
-1.994600
-1.998300
-1.938500
-1.897000
-1.832300
-1.798100
-1.768800
-1.711400
-1.577100
-1.460000
-1.402600
-1.372100
-1.167000
-1.174300
-1.130400
-1.063200
-0.949710
-0.928960
-0.820310
-0.808110
-0.677490
-0.467530
-0.278320
-0.271000
-0.192870
-0.067139
0.080566
0.274660
0.368650
0.592040
0.820310
1.082800
1.047400
1.167000
1.279300
1.505100
1.546600
1.518600
1.401400
1.346400
1.479500
1.539300
1.506300
1.417200
1.307400
1.250000
1.196300
1.210900
1.008300
0.816650
0.821530
0.877690
0.856930
0.678710
0.460210
0.343020
0.240480
-0.058594
-0.129390
-0.114750
-0.067139
-0.008545
-0.068359
-0.120850
-0.104980
-0.090332
-0.056152
-0.262450
-0.333250
-0.513920
-0.539550
-0.579830
-0.534670
-0.496830
-0.543210
-0.562740
-0.682370
-0.744630
-0.843510
-0.891110
-0.887450
-0.965580
-1.019300
-1.079100
-1.136500
-1.178000
-1.132800
-1.103500
-1.052200
-0.913090
-0.834960
-0.715330
-0.628660
-0.683590
-0.698240
-0.728760
-0.738530
-0.590820
-0.513920
-0.421140
-0.343020
-0.280760
-0.274660
-0.203860
-0.155030
-0.101320
-0.034180
0.025635
0.037842
0.150150
0.279540
0.412600
0.385740
0.483400
0.758060
0.834960
0.957030
1.220700
1.302500
1.118200
1.134000
1.141400
1.252400
1.140100
1.042500
0.819090
0.615230
0.368650
0.185550
0.234380
0.266110
0.284420
0.571290
0.816650
0.993650
1.119400
1.160900
1.141400
1.030300
0.844730
0.693360
0.612790
0.552980
0.504150
0.391850
0.256350
0.241700
0.062256
-0.119630
-0.189210
-0.205080
-0.192870
-0.220950
-0.236820
