-0.081787
-0.010986
0.003662
-0.001221
-0.095215
-0.112300
-0.102540
-0.124510
-0.179440
-0.286870
-0.147710
-0.117190
-0.089111
0.028076
0.095215
0.007324
0.108640
0.433350
0.689700
0.661620
0.697020
0.528560
0.417480
0.570070
0.675050
0.539550
0.266110
0.236820
0.201420
0.300290
0.538330
0.639650
0.659180
0.544430
0.507810
0.346680
0.051270
-0.028076
0.096436
0.091553
-0.081787
-0.198970
-0.103760
0.086670
0.090332
-0.162350
-0.187990
-0.343020
-0.451660
-0.527340
-0.677490
-0.728760
-0.598140
-0.571290
-0.651860
-0.740970
-0.806880
-1.029100
-1.055900
-1.102300
-1.075400
-1.013200
-1.030300
-0.991210
-0.985110
-1.071800
-1.115700
-1.224400
-1.262200
-1.259800
-1.308600
-1.296400
-1.284200
-1.302500
-1.240200
-1.174300
-1.147500
-1.186500
-1.135300
-1.035200
-1.043700
-1.003400
-0.969240
-0.958250
-0.860600
-0.798340
-0.800780
-0.722660
-0.566410
-0.446780
-0.415040
-0.446780
-0.363770
-0.291750
-0.297850
-0.223390
-0.172120
-0.014648
0.067139
0.137940
0.285640
0.406490
0.661620
1.035200
1.409900
1.914100
2.294900
2.520800
2.877200
3.112800
3.341100
3.238500
2.966300
2.782000
2.619600
2.006800
1.811500
1.715100
1.424600
1.136500
0.771480
0.615230
0.905760
1.167000
1.213400
1.400100
1.731000
1.893300
1.934800
1.796900
1.838400
1.788300
1.567400
1.442900
1.351300
1.156000
0.969240
0.837400
0.709230
0.495610
0.335690
0.090332
-0.118410
-0.230710
-0.241700
-0.361330
-0.555420
-0.795900
-0.939940
-1.098600
-1.230500
-1.378200
-1.368400
-1.438000
-1.502700
-1.486800
-1.513700
-1.497800
-1.490500
-1.452600
-1.451400
-1.485600
-1.452600
-1.380600
-1.311000
-1.307400
-1.252400
-1.214600
-1.174300
-1.140100
-1.109600
-1.042500
-0.952150
-0.904540
-0.858150
-0.858150
-0.843510
-0.711670
-0.563960
-0.493160
-0.375980
-0.272220
-0.147710
-0.058594
-0.026855
0.028076
0.069580
0.166020
0.268550
0.416260
0.483400
0.529790
0.496830
0.411380
0.501710
0.626220
0.737300
0.660400
0.590820
0.628660
0.728760
0.798340
0.920410
1.073000
1.189000
1.412400
1.583300
1.800500
2.042200
2.327900
2.431600
2.271700
2.063000
2.077600
2.124000
2.108200
1.781000
1.860400
1.505100
1.342800
1.281700
1.200000
1.070600
0.892330
0.644530
0.362550
0.189210
0.095215
-0.020752
-0.068359
-0.161130
-0.286870
-0.404050
-0.461430
-0.599370
-0.715330
-0.775150
-0.834960
-0.893550
-1.057100
-1.026600
-0.902100
-0.860600
-0.859380
-0.925290
-0.831300
-0.770260
-0.883790
-0.816650
-0.767820
-0.657960
-0.629880
-0.516360
-0.496830
-0.596920
-0.634770
-0.491940
-0.502930
-0.535890
-0.417480
-0.166020
-0.008545
0.108640
0.252690
0.240480
0.220950
0.476070
0.520020
0.377200
0.278320
0.407710
0.410160
0.419920
0.438230
0.294190
0.064697
-0.042725
-0.124510
-0.043945
-0.198970
-0.394290
-0.432130
-0.510250
-0.389400
-0.399170
-0.422360
-0.452880
-0.623780
-0.684810
-0.590820
-0.593260
-0.665280
-0.523680
-0.466310
-0.457760
-0.477290
-0.484620
-0.546880
-0.638430
-0.697020
-0.661620
-0.750730
-0.854490
-0.809330
-0.930180
-0.852050
-0.878910
-0.891110
-0.919190
-1.040000
-1.169400
-1.186500
-1.230500
-1.195100
-1.125500
-1.141400
-1.145000
-1.131600
-1.168200
-1.137700
-1.192600
-1.120600
-1.108400
-1.152300
-1.095000
-1.020500
-0.915530
-0.832520
-0.781250
-0.740970
-0.690920
-0.584720
-0.546880
-0.490720
-0.369870
-0.260010
-0.151370
-0.181880
-0.181880
-0.163570
0.008545
0.056152
0.081787
0.227050
0.312500
0.529790
0.762940
1.130400
1.390400
1.529500
1.623500
1.511200
1.540500
1.308600
1.048600
1.052200
0.883790
0.728760
0.614010
0.557860
0.678710
0.692140
0.639650
0.466310
0.449220
0.512700
0.662840
0.567630
0.322270
0.345460
0.498050
0.198970
0.185550
0.151370
-0.023193
-0.123290
-0.025635
0.019531
-0.002441
-0.054932
0.003662
0.004883
-0.010986
-0.054932
-0.216060
-0.274660
-0.292970
-0.356450
-0.507810
-0.571290
-0.623780
-0.671390
-0.754390
-0.736080
-0.715330
-0.816650
-0.917970
-0.980220
-0.852050
-0.787350
-0.797120
-0.827640
-0.764160
-0.633540
-0.562740
-0.540770
-0.402830
-0.329590
-0.334470
-0.244140
-0.058594
0.145260
0.330810
0.415040
0.463870
0.550540
0.635990
0.748290
0.784910
0.628660
0.607910
0.821530
0.914310
0.794680
0.887450
0.776370
0.791020
0.709230
0.554200
0.340580
0.242920
0.180660
0.057373
0.008545
0.002441
0.035400
0.073242
0.090332
-0.001221
-0.010986
0.004883
-0.145260
-0.195310
-0.361330
-0.457760
-0.373540
-0.416260
-0.435790
-0.404050
-0.535890
-0.534670
-0.527340
-0.417480
-0.434570
-0.462650
-0.412600
-0.491940
-0.560300
-0.494380
-0.429690
-0.406490
-0.334470
-0.196530
-0.028076
0.119630
0.227050
0.396730
0.395510
0.361330
0.439450
0.364990
0.463870
0.482180
0.426030
0.430910
0.461430
0.474850
0.551760
0.457760
0.375980
0.336910
0.367430
0.184330
0.253910
0.279540
0.371090
0.378420
0.198970
0.114750
0.151370
0.123290
0.075684
0.194090
0.172120
0.087891
0.150150
0.217290
0.155030
0.134280
0.091553
