-0.267330
-0.288090
-0.380860
-0.417480
-0.334470
-0.297850
-0.236820
-0.109860
-0.139160
-0.072021
0.019531
-0.059814
-0.008545
0.092773
0.095215
0.191650
0.545650
1.098600
1.414800
1.263400
0.775150
0.507810
0.689700
0.853270
0.631100
0.394290
0.167240
0.338130
0.239260
0.329590
0.637210
0.802000
0.682370
0.423580
0.117190
-0.059814
-0.235600
-0.303960
-0.156250
-0.078125
-0.002441
-0.063477
-0.113530
0.004883
-0.090332
-0.339360
-0.513920
-0.721440
-0.870360
-0.982670
-1.038800
-1.071800
-1.124300
-1.076700
-1.143800
-1.185300
-1.265900
-1.303700
-1.413600
-1.411100
-1.381800
-1.352500
-1.381800
-1.377000
-1.424600
-1.400100
-1.428200
-1.508800
-1.453900
-1.276900
-1.242700
-1.231700
-1.254900
-1.234100
-1.207300
-1.160900
-1.048600
-0.872800
-0.827640
-0.781250
-0.766600
-0.823970
-0.866700
-0.784910
-0.743410
-0.655520
-0.568850
-0.478520
-0.430910
-0.350340
-0.263670
-0.189210
-0.186770
-0.140380
-0.029297
0.013428
0.032959
0.102540
0.247800
0.350340
0.559080
0.937500
1.434300
1.835900
2.083700
2.251000
2.357200
2.480500
2.546400
2.760000
2.965100
2.876000
2.883300
2.669700
2.570800
2.360800
2.301000
2.061800
1.594200
0.955810
0.844730
0.499270
0.084229
0.117190
0.291750
0.458980
0.684810
1.119400
1.604000
1.815200
1.877400
1.900600
1.855500
1.806600
1.510000
1.285400
1.077900
0.815430
0.656740
0.488280
0.325930
0.043945
-0.284420
-0.526120
-0.633540
-0.686040
-0.728760
-0.677490
-0.789790
-0.842290
-0.996090
-1.116900
-1.224400
-1.283000
-1.335400
-1.284200
-1.291500
-1.311000
-1.358600
-1.314700
-1.409900
-1.444100
-1.394000
-1.383100
-1.373300
-1.357400
-1.296400
-1.264600
-1.265900
-1.246300
-1.283000
-1.295200
-1.197500
-1.123000
-0.994870
-0.892330
-0.836180
-0.802000
-0.710450
-0.587160
-0.473630
-0.325930
-0.250240
-0.140380
-0.047607
0.096436
0.219730
0.355220
0.424800
0.438230
0.488280
0.552980
0.560300
0.644530
0.689700
0.686040
0.740970
0.838620
0.938720
1.095000
1.261000
1.507600
1.826200
2.166700
2.316900
2.165500
2.103300
2.075200
1.982400
1.757800
1.572300
1.503900
1.514900
1.605200
1.657700
1.341600
1.259800
1.098600
0.893550
0.760500
0.904540
0.913090
0.782470
0.655520
0.416260
0.268550
0.057373
-0.181880
-0.383300
-0.620120
-0.782470
-0.878910
-0.832520
-0.787350
-0.781250
-0.891110
-0.980220
-1.016800
-1.055900
-1.130400
-1.090100
-1.027800
-0.974120
-1.088900
-1.073000
-0.975340
-0.950930
-0.892330
-0.683590
-0.554200
-0.504150
-0.314940
-0.290530
-0.175780
-0.106200
-0.034180
-0.078125
-0.069580
-0.002441
0.020752
-0.004883
0.002441
0.035400
0.073242
-0.163570
-0.151370
-0.217290
-0.393070
-0.489500
-0.500490
-0.714110
-0.716550
-0.563960
-0.393070
-0.314940
-0.390630
-0.357670
-0.496830
-0.522460
-0.446780
-0.321040
-0.277100
-0.218510
-0.041504
-0.252690
-0.295410
-0.407710
-0.307620
-0.241700
-0.258790
-0.112300
0.021973
0.008545
0.056152
0.140380
0.068359
0.012207
-0.134280
-0.244140
-0.371090
-0.449220
-0.507810
-0.570070
-0.655520
-0.703130
-0.831300
-0.855710
-0.826420
-0.810550
-0.795900
-0.683590
-0.698240
-0.761720
-0.848390
-0.887450
-0.886230
-0.899660
-0.963130
-0.971680
-0.869140
-0.803220
-0.833740
-0.874020
-0.854490
-0.816650
-0.687260
-0.656740
-0.642090
-0.532230
-0.535890
-0.500490
-0.416260
-0.311280
-0.255130
-0.281980
-0.172120
-0.061035
0.103760
0.257570
0.427250
0.606690
0.778810
0.957030
1.228000
1.367200
1.302500
1.398900
1.463600
1.243900
1.235400
1.071800
0.952150
0.878910
0.833740
0.892330
0.695800
0.471190
0.323490
0.278320
0.175780
0.212400
0.350340
0.526120
0.635990
0.761720
0.999760
1.014400
1.022900
1.014400
0.881350
0.655520
0.491940
0.601810
0.666500
0.618900
0.467530
0.432130
0.377200
0.209960
0.086670
-0.124510
-0.274660
-0.417480
-0.544430
-0.643310
-0.723880
-0.861820
-1.044900
-1.210900
-1.318400
-1.351300
-1.381800
-1.416000
-1.434300
-1.466100
-1.464800
-1.390400
-1.374500
-1.391600
-1.479500
-1.445300
-1.298800
-1.210900
-1.113300
-1.001000
-0.930180
-0.777590
-0.582280
-0.437010
-0.307620
-0.117190
0.057373
0.019531
0.076904
0.089111
0.194090
0.145260
0.133060
0.268550
0.318600
0.322270
0.366210
0.523680
0.584720
0.665280
0.721440
0.936280
1.064500
1.174300
0.982670
0.821530
0.852050
0.848390
0.798340
0.682370
0.886230
0.971680
0.788570
0.627440
0.579830
0.775150
0.946040
0.798340
0.574950
0.377200
0.466310
0.596920
0.682370
0.633540
0.373540
0.174560
0.030518
-0.167240
-0.429690
-0.540770
-0.507810
-0.609130
-0.714110
-0.773930
-0.792240
-0.682370
-0.621340
-0.501710
-0.505370
-0.532230
-0.419920
-0.338130
-0.338130
-0.267330
-0.340580
-0.378420
-0.244140
-0.168460
-0.061035
0.097656
0.167240
0.169680
0.190430
0.257570
0.223390
0.266110
0.181880
0.206300
0.273440
0.260010
0.440670
0.524900
0.471190
0.461430
0.405270
0.424800
0.584720
0.644530
0.515140
0.465090
0.456540
0.498050
0.393070
0.350340
0.321040
