-0.166020
-0.076904
-0.030518
-0.035400
0.017090
0.028076
0.029297
0.097656
0.236820
0.278320
0.240480
0.145260
0.072021
-0.043945
0.012207
0.206300
0.377200
0.537110
0.654300
0.701900
0.578610
0.482180
0.477290
0.372310
0.067139
0.047607
-0.002441
0.076904
0.311280
0.502930
0.570070
0.463870
0.510250
0.555420
0.587160
0.577390
0.393070
0.340580
0.412600
0.471190
0.435790
0.373540
0.163570
0.085449
0.007324
-0.191650
-0.306400
-0.325930
-0.437010
-0.522460
-0.677490
-0.814210
-0.838620
-0.799560
-0.875240
-0.960690
-1.007100
-0.993650
-0.919190
-0.988770
-1.043700
-0.966800
-1.019300
-1.044900
-1.152300
-1.178000
-1.273200
-1.309800
-1.319600
-1.362300
-1.325700
-1.345200
-1.385500
-1.394000
-1.439200
-1.451400
-1.375700
-1.325700
-1.287800
-1.246300
-1.157200
-1.107200
-1.097400
-1.049800
-0.977780
-0.970460
-0.886230
-0.758060
-0.659180
-0.640870
-0.585940
-0.545650
-0.509030
-0.434570
-0.361330
-0.255130
-0.095215
-0.081787
0.003662
0.163570
0.351560
0.577390
0.916750
1.485600
1.932400
2.092300
2.482900
2.558600
2.497600
2.453600
2.221700
1.982400
2.028800
1.792000
1.726100
1.604000
1.436800
1.369600
1.394000
1.027800
0.656740
0.411380
0.283200
0.354000
0.433350
0.511470
1.068100
1.439200
1.527100
1.611300
1.606400
1.573500
1.550300
1.450200
1.340300
1.157200
0.795900
0.584720
0.614010
0.737300
1.021700
1.168200
1.004600
0.917970
0.819090
0.760500
0.672610
0.683590
0.600590
0.251460
-0.223390
-0.351560
-0.391850
-0.412600
-0.576170
-0.812990
-0.965580
-1.071800
-1.077900
-1.126700
-1.093800
-1.077900
-1.171900
-1.228000
-1.236600
-1.295200
-1.405000
-1.417200
-1.470900
-1.528300
-1.555200
-1.604000
-1.633300
-1.632100
-1.577100
-1.521000
-1.411100
-1.381800
-1.375700
-1.331800
-1.346400
-1.334200
-1.217000
-1.065700
-0.986330
-0.987550
-0.969240
-0.871580
-0.805660
-0.759280
-0.662840
-0.660400
-0.587160
-0.419920
-0.285640
-0.130620
0.046387
0.151370
0.217290
0.302730
0.329590
0.325930
0.300290
0.350340
0.491940
0.565190
0.614010
0.673830
0.953370
1.029100
1.292700
1.428200
1.663800
1.850600
2.063000
2.003200
2.285200
2.260700
2.092300
1.931200
1.876200
1.718800
1.809100
1.734600
1.707800
1.522200
1.539300
1.429400
1.333000
1.237800
1.066900
0.843510
0.622560
0.358890
0.266110
0.186770
-0.065918
-0.212400
-0.330810
-0.483400
-0.593260
-0.673830
-0.791020
-0.853270
-0.839840
-0.941160
-0.961910
-1.032700
-1.119400
-1.163300
-1.210900
-1.231700
-1.256100
-1.322000
-1.308600
-1.344000
-1.357400
-1.356200
-1.353800
-1.362300
-1.336700
-1.348900
-1.348900
-1.330600
-1.257300
-1.195100
-1.097400
-1.118200
-1.055900
-0.975340
-0.924070
-0.980220
-0.964360
-0.920410
-0.867920
-0.777590
-0.700680
-0.626220
-0.556640
-0.522460
-0.505370
-0.432130
-0.351560
-0.256350
-0.273440
-0.209960
-0.187990
-0.046387
0.076904
0.065918
0.050049
0.174560
0.124510
0.169680
0.256350
0.322270
0.480960
0.478520
0.509030
0.612790
0.756840
0.930180
1.136500
1.345200
1.428200
1.671100
1.903100
2.010500
2.070300
1.872600
1.782200
1.762700
1.705300
1.588100
1.352500
1.245100
1.151100
1.114500
1.163300
1.241500
1.213400
1.124300
1.048600
1.005900
0.863040
0.587160
0.319820
0.235600
0.262450
0.186770
0.018311
-0.047607
-0.008545
0.068359
0.103760
0.034180
0.018311
-0.084229
-0.229490
-0.272220
-0.189210
-0.024414
0.120850
0.172120
0.063477
-0.104980
-0.233150
-0.356450
-0.502930
-0.537110
-0.679930
-0.854490
-1.016800
-1.064500
-1.138900
-1.229200
-1.224400
-1.268300
-1.334200
-1.467300
-1.528300
-1.556400
-1.563700
-1.545400
-1.538100
-1.540500
-1.564900
-1.584500
-1.599100
-1.595500
-1.501500
-1.403800
-1.402600
-1.391600
-1.374500
-1.284200
-1.195100
-1.207300
-1.202400
-1.140100
-1.077900
-0.988770
-0.935060
-0.881350
-0.802000
-0.711670
-0.673830
-0.614010
-0.490720
-0.388180
-0.339360
-0.256350
-0.244140
-0.139160
-0.064697
0.067139
0.195310
0.286870
0.397950
0.512700
0.607910
0.681150
0.660400
0.657960
0.689700
0.772710
0.874020
1.053500
1.232900
1.418500
1.890900
2.316900
2.605000
2.371800
2.020300
1.854200
1.882300
1.886000
1.993400
1.855500
1.795700
1.746800
1.806600
1.590600
1.591800
1.402600
1.176800
0.980220
0.803220
0.767820
0.545650
0.338130
0.286870
0.363770
0.224610
0.095215
-0.068359
-0.118410
-0.131840
-0.042725
0.097656
0.103760
-0.001221
-0.029297
0.135500
0.013428
0.095215
0.208740
0.128170
0.069580
-0.015869
-0.091553
-0.166020
-0.340580
-0.378420
-0.310060
-0.311280
-0.291750
-0.308840
-0.316160
-0.261230
-0.175780
-0.240480
-0.283200
-0.375980
-0.407710
-0.291750
-0.329590
-0.385740
-0.495610
-0.495610
-0.511470
-0.299070
-0.147710
-0.291750
-0.415040
-0.286870
-0.308840
-0.336910
-0.325930
-0.225830
-0.207520
-0.246580
-0.310060
-0.350340
-0.458980
-0.517580
-0.612790
-0.667720
-0.765380
-0.899660
-0.939940
-0.970460
-0.975340
-0.987550
-1.021700
-1.009500
-0.994870
-1.077900
-1.022900
