-0.111080
-0.104980
-0.125730
-0.058594
-0.021973
0.111080
0.242920
0.280760
0.216060
0.030518
-0.106200
0.002441
0.076904
-0.003662
0.153810
0.461430
0.599370
0.491940
0.412600
0.402830
0.306400
0.373540
0.515140
0.572510
0.354000
0.472410
0.489500
0.721440
0.754390
0.739750
0.637210
0.589600
0.760500
0.601810
0.480960
0.397950
0.369870
0.349120
0.283200
0.208740
0.104980
0.206300
0.225830
0.095215
-0.103760
-0.207520
-0.408940
-0.554200
-0.745850
-0.928960
-0.946040
-1.060800
-1.026600
-1.153600
-1.201200
-1.252400
-1.231700
-1.257300
-1.262200
-1.248800
-1.268300
-1.322000
-1.306200
-1.283000
-1.314700
-1.341600
-1.356200
-1.313500
-1.226800
-1.184100
-1.248800
-1.268300
-1.250000
-1.147500
-1.184100
-1.125500
-1.070600
-1.048600
-0.926510
-0.880130
-0.795900
-0.817870
-0.799560
-0.706790
-0.626220
-0.562740
-0.538330
-0.461430
-0.375980
-0.327150
-0.306400
-0.285640
-0.250240
-0.216060
-0.150150
-0.004883
0.031738
0.052490
0.227050
0.456540
0.919190
1.452600
1.939700
2.124000
2.365700
2.553700
2.677000
2.701400
2.618400
2.479200
2.406000
2.469500
2.329100
2.158200
1.970200
1.835900
1.748000
1.729700
1.688200
1.352500
1.093800
0.751950
0.509030
0.284420
0.184330
0.253910
0.240480
0.615230
0.908200
1.135300
1.460000
1.726100
1.759000
1.723600
1.534400
1.331800
1.007100
0.775150
0.531010
0.501710
0.358890
0.068359
-0.075684
-0.286870
-0.485840
-0.660400
-0.864260
-1.049800
-1.130400
-1.270800
-1.464800
-1.588100
-1.704100
-1.746800
-1.768800
-1.814000
-1.801800
-1.732200
-1.737100
-1.756600
-1.702900
-1.677200
-1.619900
-1.517300
-1.463600
-1.395300
-1.366000
-1.306200
-1.247600
-1.126700
-1.095000
-1.033900
-0.892330
-0.732420
-0.750730
-0.675050
-0.539550
-0.419920
-0.314940
-0.332030
-0.252690
-0.150150
-0.030518
0.070801
0.147710
0.223390
0.316160
0.371090
0.443120
0.535890
0.599370
0.565190
0.637210
0.755620
0.744630
0.769040
0.825200
0.928960
0.930180
0.899660
0.972900
0.909420
1.049800
1.234100
1.289100
1.442900
1.494100
1.608900
1.873800
2.128900
2.100800
2.171600
2.358400
2.254600
2.210700
2.258300
2.061800
2.053200
2.015400
1.741900
1.529500
1.523400
1.491700
1.243900
1.053500
0.888670
0.642090
0.454100
0.268550
0.076904
-0.040283
-0.235600
-0.444340
-0.567630
-0.585940
-0.629880
-0.677490
-0.649410
-0.684810
-0.802000
-0.876460
-0.836180
-0.797120
-0.867920
-0.948490
-1.068100
-1.109600
-1.096200
-1.116900
-1.162100
-1.169400
-1.136500
-1.075400
-1.016800
-1.014400
-0.893550
-0.915530
-0.961910
-0.885010
-0.823970
-0.843510
-0.770260
-0.721440
-0.697020
-0.662840
-0.604250
-0.661620
-0.578610
-0.560300
-0.557860
-0.595700
-0.657960
-0.668950
-0.593260
-0.649410
-0.655520
-0.567630
-0.607910
-0.427250
-0.400390
-0.316160
0.046387
0.198970
0.397950
0.539550
0.538330
0.649410
0.621340
0.415040
0.487060
0.319820
0.441890
0.393070
0.349120
0.385740
0.568850
0.654300
0.673830
0.820310
0.545650
0.506590
0.501710
0.303960
0.089111
0.009766
-0.098877
0.052490
0.003662
-0.026855
-0.067139
-0.083008
-0.189210
-0.297850
-0.394290
-0.413820
-0.543210
-0.717770
-0.738530
-0.798340
-0.909420
-0.959470
-0.972900
-0.983890
-1.052200
-1.103500
-1.168200
-1.158400
-1.132800
-1.059600
-0.986330
-0.920410
-0.914310
-0.913090
-0.915530
-1.002200
-1.035200
-1.032700
-0.886230
-0.780030
-0.718990
-0.736080
-0.682370
-0.587160
-0.509030
-0.369870
-0.118410
0.009766
0.051270
0.189210
0.303960
0.567630
0.817870
0.830080
0.811770
1.040000
1.168200
1.219500
1.251200
1.350100
1.364700
1.285400
0.872800
0.571290
0.463870
0.427250
0.456540
0.529790
0.572510
0.443120
0.313720
0.358890
0.357670
0.324710
0.214840
0.181880
0.214840
0.349120
0.310060
0.300290
0.280760
0.262450
0.073242
-0.122070
-0.170900
-0.238040
-0.281980
-0.321040
-0.273440
-0.317380
-0.357670
-0.455320
-0.604250
-0.765380
-0.994870
-1.091300
-1.186500
-1.307400
-1.307400
-1.264600
-1.243900
-1.247600
-1.154800
-1.124300
-1.042500
-1.013200
-0.939940
-0.875240
-0.883790
-0.773930
-0.637210
-0.544430
-0.579830
-0.465090
-0.369870
-0.400390
-0.559080
-0.576170
-0.495610
-0.430910
-0.305180
-0.153810
-0.087891
0.103760
0.319820
0.383300
0.515140
0.662840
0.799560
0.817870
0.747070
0.793460
0.629880
0.444340
0.332030
0.394290
0.271000
0.157470
-0.007324
-0.258790
-0.313720
-0.372310
-0.437010
-0.472410
-0.412600
-0.253910
0.006104
0.186770
0.463870
0.606690
0.820310
0.834960
0.887450
0.852050
0.765380
0.684810
0.673830
0.634770
0.639650
0.662840
0.557860
0.416260
0.260010
0.264890
0.198970
0.163570
0.119630
0.043945
-0.072021
-0.104980
-0.087891
-0.141600
-0.306400
-0.343020
-0.361330
-0.410160
-0.495610
-0.505370
-0.528560
-0.549320
-0.448000
-0.407710
-0.456540
-0.401610
-0.366210
-0.230710
-0.230710
-0.184330
-0.074463
-0.037842
0.059814
0.106200
0.108640
0.274660
0.301510
0.395510
0.571290
0.675050
0.635990
0.592040
0.665280
