0.053711
0.057373
-0.112300
-0.258790
-0.168460
-0.043945
0.048828
0.198970
0.303960
0.297850
0.180660
0.104980
0.007324
-0.079346
-0.050049
-0.009766
-0.004883
0.158690
0.416260
0.539550
0.352780
0.184330
0.103760
0.231930
0.168460
0.061035
-0.130620
0.103760
0.159910
0.339360
0.574950
0.599370
0.458980
0.534670
0.776370
0.892330
0.802000
0.476070
0.260010
0.476070
0.797120
0.526120
0.332030
0.450440
0.549320
0.443120
0.268550
0.041504
-0.078125
-0.278320
-0.319820
-0.389400
-0.515140
-0.555420
-0.656740
-0.721440
-0.805660
-0.766600
-0.820310
-0.926510
-0.944820
-0.988770
-1.008300
-0.963130
-0.987550
-1.098600
-1.235400
-1.170700
-1.196300
-1.302500
-1.341600
-1.372100
-1.384300
-1.496600
-1.530800
-1.461200
-1.430700
-1.490500
-1.554000
-1.554000
-1.532000
-1.529500
-1.486800
-1.449000
-1.417200
-1.317100
-1.206100
-1.059600
-1.044900
-0.993650
-0.842290
-0.739750
-0.725100
-0.686040
-0.604250
-0.555420
-0.362550
-0.277100
-0.356450
-0.166020
-0.104980
0.065918
0.277100
0.424800
0.659180
1.040000
1.394000
1.652800
1.948200
2.253400
2.354700
2.191200
2.221700
2.281500
2.141100
2.208300
2.318100
2.291300
2.265600
2.153300
1.822500
1.445300
1.080300
0.871580
0.867920
0.847170
0.892330
1.279300
1.439200
1.577100
1.723600
1.712600
1.701700
1.532000
1.413600
1.340300
1.262200
1.218300
1.055900
0.903320
0.825200
0.820310
0.928960
0.987550
1.038800
0.904540
0.797120
0.786130
0.701900
0.600590
0.385740
0.185550
0.207520
0.141600
0.058594
0.000000
-0.131840
-0.368650
-0.529790
-0.600590
-0.758060
-0.992430
-1.058300
-1.174300
-1.223100
-1.366000
-1.452600
-1.584500
-1.688200
-1.724900
-1.644300
-1.590600
-1.525900
-1.431900
-1.397700
-1.374500
-1.407500
-1.359900
-1.273200
-1.218300
-1.185300
-1.095000
-1.059600
-1.019300
-1.001000
-1.002200
-0.976560
-0.881350
-0.777590
-0.661620
-0.566410
-0.460210
-0.507810
-0.448000
-0.408940
-0.302730
-0.218510
-0.153810
-0.019531
0.058594
0.123290
0.185550
0.324710
0.289310
0.407710
0.444340
0.468750
0.522460
0.539550
0.573730
0.662840
0.694580
0.784910
0.896000
1.060800
1.311000
1.521000
1.743200
1.997100
2.387700
2.558600
2.729500
2.661100
2.586700
2.196000
1.892100
1.678500
1.762700
1.848100
1.728500
1.411100
1.480700
1.430700
1.268300
1.101100
1.033900
0.808110
0.655520
0.429690
0.295410
0.242920
0.230710
0.059814
-0.056152
-0.256350
-0.445560
-0.544430
-0.601810
-0.698240
-0.721440
-0.798340
-0.828860
-0.976560
-1.081500
-1.143800
-1.184100
-1.221900
-1.293900
-1.352500
-1.359900
-1.366000
-1.528300
-1.545400
-1.523400
-1.514900
-1.536900
-1.483200
-1.449000
-1.425800
-1.438000
-1.423300
-1.379400
-1.345200
-1.324500
-1.231700
-1.163300
-1.107200
-1.005900
-0.916750
-0.886230
-0.812990
-0.754390
-0.795900
-0.703130
-0.656740
-0.523680
-0.560300
-0.490720
-0.358890
-0.360110
-0.345460
-0.305180
-0.262450
-0.240480
-0.177000
-0.120850
-0.012207
0.010986
0.126950
0.256350
0.361330
0.451660
0.489500
0.670170
0.948490
1.220700
1.492900
1.877400
2.141100
2.308300
2.485400
2.313200
1.887200
1.532000
1.341600
1.256100
1.173100
1.322000
1.647900
1.696800
1.521000
1.355000
1.414800
1.461200
1.180400
0.886230
0.682370
0.520020
0.576170
0.545650
0.520020
0.339360
0.136720
0.008545
-0.009766
-0.039063
-0.157470
-0.294190
-0.424800
-0.493160
-0.593260
-0.640870
-0.671390
-0.720210
-0.743410
-0.867920
-0.965580
-0.909420
-0.933840
-0.947270
-1.170700
-1.274400
-1.355000
-1.409900
-1.416000
-1.358600
-1.358600
-1.390400
-1.446500
-1.402600
-1.386700
-1.418500
-1.400100
-1.381800
-1.339100
-1.334200
-1.292700
-1.307400
-1.309800
-1.319600
-1.246300
-1.206100
-1.148700
-1.125500
-1.116900
-1.113300
-1.101100
-1.036400
-0.876460
-0.810550
-0.809330
-0.737300
-0.683590
-0.656740
-0.609130
-0.495610
-0.435790
-0.406490
-0.286870
-0.244140
-0.164790
-0.192870
-0.236820
-0.211180
-0.137940
-0.048828
0.050049
0.139160
0.230710
0.321040
0.534670
0.805660
1.142600
1.433100
1.589400
1.757800
2.153300
2.489000
2.502400
2.319300
1.918900
1.433100
1.147500
1.076700
1.116900
1.114500
1.147500
1.038800
1.022900
1.058300
1.026600
0.892330
0.616460
0.465090
0.559080
0.684810
0.686040
0.819090
0.832520
0.754390
0.570070
0.256350
0.048828
-0.068359
0.001221
0.019531
0.065918
0.068359
-0.085449
-0.251460
-0.292970
-0.333250
-0.448000
-0.395510
-0.268550
-0.167240
-0.194090
-0.159910
-0.034180
-0.072021
-0.083008
-0.106200
-0.170900
-0.197750
-0.207520
-0.233150
-0.424800
-0.476070
-0.614010
-0.697020
-0.770260
-0.659180
-0.654300
-0.650630
-0.687260
-0.736080
-0.721440
-0.665280
-0.711670
-0.737300
-0.671390
-0.510250
-0.489500
-0.548100
-0.482180
-0.655520
-0.573730
-0.585940
-0.689700
-0.548100
-0.471190
-0.472410
-0.390630
-0.236820
-0.196530
-0.109860
-0.207520
-0.242920
-0.291750
-0.303960
-0.253910
-0.264890
-0.394290
-0.563960
-0.659180
-0.682370
-0.657960
-0.687260
-0.720210
-0.731200
