0.153810
0.078125
0.078125
0.123290
0.272220
0.246580
0.113530
0.014648
-0.021973
-0.026855
-0.024414
-0.112300
-0.150150
0.039063
0.118410
0.213620
0.523680
1.170700
1.434300
1.575900
1.246300
0.904540
0.847170
1.182900
1.092500
0.900880
0.690920
0.722660
0.743410
0.729980
0.753170
0.859380
0.867920
0.587160
0.355220
0.261230
0.267330
0.128170
0.166020
0.261230
0.305180
0.271000
0.275880
0.369870
0.356450
0.240480
0.074463
-0.020752
-0.275880
-0.578610
-0.828860
-0.936280
-0.903320
-0.845950
-0.844730
-0.809330
-0.871580
-0.947270
-1.026600
-1.046100
-1.058300
-1.070600
-1.142600
-1.129200
-1.049800
-1.110800
-1.109600
-1.125500
-1.184100
-1.204800
-1.214600
-1.274400
-1.374500
-1.383100
-1.367200
-1.270800
-1.235400
-1.180400
-1.153600
-1.020500
-0.944820
-0.885010
-0.820310
-0.792240
-0.859380
-0.834960
-0.672610
-0.584720
-0.472410
-0.284420
-0.202640
-0.230710
-0.162350
-0.097656
-0.091553
-0.051270
0.054932
0.144040
0.225830
0.509030
1.008300
1.660200
2.388900
2.783200
3.273900
3.317900
3.092000
2.780800
2.561000
2.060500
1.743200
1.523400
1.413600
1.109600
1.009500
0.976560
0.781250
0.654300
0.910640
0.903320
0.863040
1.131600
1.341600
1.313500
1.474600
1.601600
1.450200
1.264600
1.215800
1.071800
0.892330
0.694580
0.611570
0.648190
0.395510
0.131840
0.010986
-0.119630
-0.261230
-0.380860
-0.395510
-0.549320
-0.632320
-0.689700
-0.847170
-0.987550
-0.982670
-1.027800
-1.075400
-1.092500
-1.103500
-1.138900
-1.187700
-1.254900
-1.281700
-1.262200
-1.237800
-1.215800
-1.176800
-1.102300
-1.088900
-1.137700
-1.101100
-1.042500
-0.974120
-0.881350
-0.777590
-0.756840
-0.778810
-0.764160
-0.679930
-0.590820
-0.472410
-0.366210
-0.321040
-0.288090
-0.235600
-0.156250
-0.072021
-0.008545
0.083008
0.131840
0.191650
0.163570
0.196530
0.295410
0.378420
0.444340
0.479740
0.576170
0.698240
0.717770
0.756840
0.913090
0.947270
1.049800
1.201200
1.252400
1.533200
1.848100
1.975100
2.154500
2.092300
2.103300
1.980000
1.698000
1.597900
1.588100
1.656500
1.696800
1.366000
1.505100
1.623500
1.683300
1.601600
1.325700
1.337900
1.053500
0.806880
0.665280
0.714110
0.621340
0.422360
0.158690
0.031738
-0.156250
-0.251460
-0.349120
-0.566410
-0.620120
-0.622560
-0.650630
-0.561520
-0.491940
-0.361330
-0.295410
-0.424800
-0.523680
-0.603030
-0.720210
-0.764160
-0.809330
-0.910640
-0.997310
-0.991210
-1.010700
-0.961910
-0.950930
-1.038800
-1.055900
-1.080300
-1.053500
-0.997310
-1.018100
-0.970460
-0.960690
-0.941160
-0.960690
-1.016800
-0.893550
-0.767820
-0.648190
-0.699460
-0.638430
-0.513920
-0.584720
-0.566410
-0.364990
-0.224610
-0.212400
0.032959
0.200200
0.244140
0.130620
0.126950
0.214840
0.264890
0.144040
0.091553
0.109860
0.126950
0.366210
0.327150
0.383300
0.152590
0.101320
0.145260
0.059814
0.010986
-0.002441
0.125730
0.218510
0.206300
0.156250
0.191650
0.290530
0.158690
0.046387
-0.065918
-0.021973
0.041504
-0.117190
-0.323490
-0.460210
-0.655520
-0.754390
-0.819090
-0.893550
-1.026600
-1.174300
-1.190200
-1.297600
-1.381800
-1.352500
-1.304900
-1.269500
-1.296400
-1.362300
-1.384300
-1.372100
-1.359900
-1.296400
-1.330600
-1.344000
-1.256100
-1.146200
-1.096200
-1.132800
-1.002200
-0.989990
-1.016800
-0.896000
-0.899660
-0.891110
-0.795900
-0.733640
-0.742190
-0.671390
-0.628660
-0.573730
-0.405270
-0.419920
-0.395510
-0.318600
-0.290530
-0.228270
-0.111080
0.003662
0.000000
0.140380
0.191650
0.277100
0.371090
0.502930
0.687260
1.119400
1.366000
1.630900
1.735800
1.610100
1.540500
1.293900
1.127900
1.032700
0.911870
0.863040
1.064500
1.112100
1.307400
1.346400
1.434300
1.475800
1.366000
1.339100
1.106000
1.127900
0.986330
0.906980
0.888670
0.772710
0.589600
0.496830
0.458980
0.360110
0.207520
0.152590
0.006104
-0.172120
-0.368650
-0.570070
-0.738530
-0.925290
-0.954590
-0.854490
-0.842290
-0.924070
-0.999760
-0.991210
-1.008300
-1.012000
-1.041300
-1.018100
-0.897220
-0.977780
-0.894780
-0.891110
-0.924070
-0.999760
-0.958250
-0.994870
-0.970460
-0.932620
-0.933840
-0.871580
-0.936280
-0.856930
-0.753170
-0.678710
-0.583500
-0.574950
-0.523680
-0.391850
-0.313720
-0.212400
0.028076
0.295410
0.513920
0.513920
0.751950
0.963130
1.154800
1.200000
1.160900
1.189000
1.068100
1.053500
1.064500
0.982670
0.968020
1.236600
0.964360
0.574950
0.565190
0.678710
0.676270
0.651860
0.734860
0.865480
0.772710
0.821530
0.969240
0.977780
0.896000
0.683590
0.607910
0.686040
0.734860
0.782470
0.754390
0.744630
0.522460
0.460210
0.375980
0.175780
0.034180
-0.051270
-0.195310
-0.271000
-0.385740
-0.216060
-0.106200
-0.281980
-0.334470
-0.423580
-0.587160
-0.629880
-0.611570
-0.698240
-0.716550
-0.701900
-0.733640
-0.625000
-0.520020
-0.422360
-0.466310
-0.513920
-0.500490
-0.473630
-0.428470
-0.534670
-0.461430
-0.424800
-0.430910
-0.329590
-0.225830
-0.186770
-0.114750
-0.079346
-0.025635
0.024414
