-0.010986
0.029297
0.111080
0.063477
-0.010986
-0.150150
-0.177000
-0.097656
0.089111
0.153810
0.228270
0.159910
0.275880
0.133060
0.032959
-0.015869
0.075684
0.268550
0.753170
1.120600
1.224400
1.016800
0.628660
0.853270
1.020500
0.837400
0.584720
0.499270
0.428470
0.244140
0.400390
0.529790
0.577390
0.598140
0.413820
0.238040
0.004883
-0.134280
-0.025635
-0.158690
-0.122070
-0.092773
-0.092773
-0.030518
-0.015869
-0.008545
-0.125730
-0.262450
-0.529790
-0.788570
-1.008300
-1.005900
-1.052200
-1.018100
-1.126700
-1.154800
-1.229200
-1.290300
-1.362300
-1.345200
-1.397700
-1.406300
-1.355000
-1.318400
-1.367200
-1.325700
-1.400100
-1.433100
-1.436800
-1.368400
-1.340300
-1.318400
-1.269500
-1.164600
-1.178000
-1.185300
-1.206100
-1.151100
-1.071800
-0.975340
-0.959470
-0.878910
-0.800780
-0.826420
-0.804440
-0.716550
-0.732420
-0.672610
-0.577390
-0.435790
-0.368650
-0.328370
-0.251460
-0.250240
-0.222170
-0.131840
-0.109860
0.003662
0.010986
0.036621
0.239260
0.678710
1.179200
1.618700
2.074000
2.498800
2.662400
2.900400
2.929700
2.973600
2.722200
2.512200
2.413300
2.130100
1.895800
2.048300
1.649200
1.259800
1.231700
0.906980
0.467530
0.253910
0.534670
1.113300
1.184100
1.163300
1.669900
1.923800
1.831100
1.859100
1.741900
1.484400
1.322000
1.178000
1.037600
0.854490
0.654300
0.441890
0.167240
-0.067139
-0.291750
-0.483400
-0.590820
-0.731200
-0.811770
-0.864260
-0.902100
-0.871580
-0.886230
-0.966800
-1.093800
-1.157200
-1.130400
-1.131600
-1.145000
-1.162100
-1.279300
-1.298800
-1.340300
-1.380600
-1.334200
-1.325700
-1.247600
-1.189000
-1.186500
-1.171900
-1.137700
-1.085200
-0.979000
-0.832520
-0.659180
-0.555420
-0.537110
-0.554200
-0.388180
-0.180660
-0.025635
0.123290
0.114750
0.338130
0.468750
0.532230
0.607910
0.534670
0.551760
0.563960
0.566410
0.559080
0.677490
0.716550
0.844730
0.919190
1.085200
1.350100
1.477100
1.622300
1.608900
1.552700
1.600300
1.479500
1.411100
1.185300
1.125500
0.842290
0.806880
0.802000
0.828860
0.787350
0.549320
0.383300
0.330810
0.333250
0.352780
0.263670
0.103760
0.002441
-0.061035
-0.043945
-0.051270
-0.109860
-0.107420
-0.150150
-0.321040
-0.448000
-0.506590
-0.598140
-0.653080
-0.728760
-0.754390
-0.826420
-0.911870
-0.899660
-0.854490
-0.952150
-0.996090
-1.079100
-1.163300
-1.240200
-1.215800
-1.193800
-1.141400
-1.132800
-1.054700
-1.026600
-0.996090
-0.979000
-0.911870
-0.877690
-0.841060
-0.844730
-0.806880
-0.754390
-0.706790
-0.574950
-0.531010
-0.501710
-0.350340
-0.218510
-0.108640
-0.028076
0.063477
0.198970
0.190430
0.201420
0.260010
0.286870
0.228270
0.227050
0.170900
0.222170
0.251460
0.217290
0.316160
0.323490
0.194090
0.168460
0.213620
0.296630
0.384520
0.522460
0.395510
0.297850
0.250240
0.045166
0.190430
-0.026855
-0.013428
0.161130
0.163570
0.175780
0.073242
0.039063
0.236820
0.095215
-0.096436
-0.306400
-0.310060
-0.316160
-0.139160
-0.036621
0.161130
0.350340
0.361330
0.418700
0.443120
0.426030
0.380860
0.338130
0.228270
0.108640
-0.017090
-0.249020
-0.421140
-0.513920
-0.618900
-0.700680
-0.767820
-0.892330
-0.953370
-1.104700
-1.127900
-1.058300
-1.048600
-1.091300
-1.104700
-1.164600
-1.179200
-1.142600
-1.115700
-1.081500
-0.997310
-0.916750
-0.894780
-0.860600
-0.820310
-0.770260
-0.621340
-0.534670
-0.521240
-0.407710
-0.346680
-0.300290
-0.339360
-0.286870
-0.101320
0.139160
0.314940
0.534670
0.708010
0.803220
0.981450
1.142600
1.334200
1.361100
1.279300
1.541700
1.506300
1.148700
1.096200
1.022900
0.894780
0.594480
0.236820
0.223390
0.283200
0.139160
0.070801
0.097656
0.328370
0.513920
0.830080
1.013200
0.833740
0.788570
0.814210
0.817870
1.018100
0.852050
0.728760
0.723880
0.847170
0.882570
0.844730
0.925290
0.916750
0.877690
0.653080
0.369870
0.169680
0.128170
0.036621
-0.020752
-0.024414
-0.194090
-0.406490
-0.673830
-0.643310
-0.698240
-0.803220
-0.769040
-0.697020
-0.788570
-0.769040
-0.794680
-0.701900
-0.755620
-0.705570
-0.681150
-0.726320
-0.869140
-0.981450
-0.891110
-0.803220
-0.787350
-0.582280
-0.419920
-0.506590
-0.541990
-0.417480
-0.308840
-0.294190
-0.324710
-0.216060
-0.168460
-0.206300
-0.284420
-0.401610
-0.506590
-0.604250
-0.549320
-0.594480
-0.605470
-0.690920
-0.512700
-0.241700
-0.251460
-0.319820
-0.261230
-0.205080
-0.208740
-0.181880
-0.125730
0.059814
0.261230
0.378420
0.435790
0.413820
0.495610
0.454100
0.421140
0.372310
0.303960
0.415040
0.480960
0.338130
0.294190
0.255130
0.064697
0.008545
-0.028076
-0.050049
-0.125730
-0.211180
-0.244140
-0.239260
-0.328370
-0.406490
-0.344240
-0.166020
-0.026855
-0.119630
-0.006104
0.079346
0.118410
0.236820
0.223390
0.267330
0.280760
0.268550
0.290530
0.343020
0.430910
0.312500
0.218510
0.189210
0.200200
0.186770
0.113530
0.134280
0.145260
0.075684
-0.019531
0.028076
0.202640
0.306400
0.296630
0.450440
0.529790
0.373540
0.374760
