-0.306400
-0.163570
-0.122070
-0.111080
0.073242
0.158690
0.235600
0.073242
-0.080566
-0.130620
-0.053711
0.046387
0.001221
0.013428
-0.083008
-0.098877
-0.092773
0.104980
0.545650
0.999760
1.063200
1.063200
0.772710
0.607910
0.723880
0.799560
0.513920
0.095215
-0.125730
0.015869
0.183110
0.263670
0.191650
0.291750
0.156250
0.213620
0.072021
-0.101320
0.031738
0.083008
0.338130
0.401610
0.300290
0.360110
0.218510
0.122070
0.118410
-0.061035
-0.290530
-0.396730
-0.468750
-0.595700
-0.646970
-0.732420
-0.742190
-0.806880
-0.755620
-0.786130
-0.888670
-0.916750
-0.974120
-1.047400
-1.033900
-1.052200
-1.180400
-1.265900
-1.291500
-1.364700
-1.390400
-1.503900
-1.529500
-1.517300
-1.507600
-1.484400
-1.419700
-1.379400
-1.427000
-1.425800
-1.355000
-1.270800
-1.234100
-1.158400
-1.096200
-1.057100
-0.970460
-0.917970
-0.792240
-0.753170
-0.610350
-0.648190
-0.565190
-0.449220
-0.313720
-0.228270
-0.173340
-0.162350
-0.040283
0.013428
0.070801
0.211180
0.343020
0.568850
0.836180
1.246300
1.788300
2.263200
2.674600
2.913800
3.039600
3.039600
3.166500
3.249500
3.054200
3.021200
2.844200
2.587900
1.937300
1.663800
1.347700
0.914310
0.661620
0.910640
0.953370
1.176800
1.501500
1.798100
1.805400
2.002000
2.171600
2.126500
1.862800
1.612500
1.407500
1.285400
1.236600
0.974120
0.684810
0.515140
0.377200
0.234380
0.069580
-0.084229
-0.195310
-0.262450
-0.264890
-0.303960
-0.341800
-0.540770
-0.648190
-0.739750
-0.743410
-0.828860
-1.029100
-1.236600
-1.348900
-1.428200
-1.505100
-1.497800
-1.545400
-1.500200
-1.457500
-1.544200
-1.585700
-1.556400
-1.528300
-1.502700
-1.449000
-1.402600
-1.274400
-1.203600
-1.131600
-1.093800
-1.096200
-0.998540
-0.914310
-0.841060
-0.780030
-0.762940
-0.654300
-0.582280
-0.541990
-0.548100
-0.391850
-0.273440
-0.183110
-0.173340
-0.034180
-0.039063
0.058594
0.147710
0.140380
0.271000
0.354000
0.467530
0.562740
0.755620
0.924070
1.077900
1.165800
1.435500
1.690700
2.003200
2.376700
2.572000
2.814900
3.082300
3.165300
3.170200
2.972400
2.568400
2.165500
1.826200
1.728500
1.687000
1.496600
1.403800
1.207300
1.167000
1.029100
0.845950
0.592040
0.382080
0.239260
0.158690
0.114750
0.035400
-0.125730
-0.278320
-0.389400
-0.533450
-0.659180
-0.761720
-0.825200
-0.889890
-0.915530
-0.871580
-0.850830
-0.841060
-1.015600
-1.074200
-1.116900
-1.134000
-1.109600
-1.123000
-1.168200
-1.192600
-1.229200
-1.185300
-1.196300
-1.130400
-1.102300
-0.996090
-0.966800
-0.932620
-0.860600
-0.822750
-0.716550
-0.683590
-0.510250
-0.441890
-0.341800
-0.166020
0.061035
0.302730
0.631100
0.749510
0.919190
0.882570
0.736080
0.812990
0.740970
0.627440
0.502930
0.367430
0.247800
0.191650
0.378420
0.183110
0.217290
0.131840
0.003662
-0.001221
-0.290530
-0.395510
-0.366210
-0.329590
-0.421140
-0.485840
-0.515140
-0.651860
-0.697020
-0.690920
-0.682370
-0.725100
-0.794680
-0.820310
-0.855710
-0.772710
-0.704350
-0.605470
-0.612790
-0.612790
-0.655520
-0.592040
-0.541990
-0.533450
-0.537110
-0.522460
-0.572510
-0.623780
-0.783690
-0.834960
-0.885010
-1.041300
-1.112100
-1.159700
-1.116900
-1.140100
-1.174300
-1.187700
-1.182900
-1.163300
-1.196300
-1.158400
-1.127900
-1.189000
-1.160900
-1.167000
-1.125500
-1.104700
-1.081500
-1.076700
-0.939940
-0.931400
-0.878910
-0.850830
-0.778810
-0.585940
-0.587160
-0.566410
-0.462650
-0.363770
-0.256350
-0.130620
-0.076904
-0.051270
0.073242
0.286870
0.385740
0.528560
0.684810
0.625000
0.655520
0.781250
1.029100
1.198700
1.071800
0.931400
0.936280
1.055900
1.149900
0.894780
0.589600
0.528560
0.458980
0.546880
0.490720
0.297850
0.377200
0.280760
0.312500
0.314940
0.207520
0.167240
0.052490
0.233150
0.539550
0.621340
0.632320
0.715330
0.684810
0.821530
0.930180
0.863040
0.761720
0.755620
0.711670
0.606690
0.552980
0.476070
0.537110
0.533450
0.362550
0.306400
0.225830
0.147710
0.168460
0.140380
0.012207
0.052490
0.031738
0.168460
0.238040
0.131840
0.037842
0.089111
0.158690
0.144040
0.207520
0.114750
0.164790
0.218510
-0.053711
-0.202640
-0.080566
-0.195310
-0.214840
-0.266110
-0.319820
-0.117190
-0.140380
-0.137940
-0.151370
-0.157470
-0.222170
-0.358890
-0.405270
-0.351560
-0.346680
-0.402830
-0.379640
-0.325930
-0.302730
-0.141600
-0.068359
-0.152590
-0.200200
-0.218510
-0.092773
0.062256
0.026855
-0.081787
-0.095215
-0.142820
-0.170900
-0.189210
-0.142820
-0.184330
-0.257570
-0.280760
-0.235600
-0.169680
-0.080566
-0.081787
0.029297
0.040283
0.129390
0.125730
0.124510
0.167240
0.076904
-0.107420
-0.239260
-0.301510
-0.437010
-0.589600
-0.600590
-0.565190
-0.406490
-0.401610
-0.338130
-0.145260
-0.075684
-0.139160
-0.144040
-0.124510
-0.180660
-0.167240
-0.166020
-0.126950
-0.093994
-0.043945
-0.169680
-0.091553
-0.056152
-0.002441
0.106200
0.087891
0.069580
0.217290
0.384520
0.312500
0.145260
0.163570
0.161130
0.128170
0.122070
0.172120
0.207520
0.286870
