-0.112300
-0.166020
-0.220950
-0.032959
-0.036621
-0.192870
-0.153810
-0.081787
-0.141600
-0.294190
-0.386960
-0.218510
-0.200200
-0.240480
-0.305180
-0.264890
-0.146480
-0.014648
0.159910
0.452880
0.292970
0.130620
-0.128170
-0.397950
-0.120850
0.020752
-0.273440
-0.511470
-0.448000
-0.251460
0.092773
0.317380
0.223390
0.317380
0.239260
0.296630
0.339360
0.301510
0.081787
0.141600
0.181880
0.153810
0.168460
0.279540
0.211180
0.209960
0.018311
-0.229490
-0.456540
-0.560300
-0.809330
-0.926510
-0.993650
-1.062000
-1.057100
-1.019300
-1.020500
-1.108400
-1.187700
-1.234100
-1.329300
-1.292700
-1.236600
-1.254900
-1.306200
-1.381800
-1.481900
-1.546600
-1.567400
-1.530800
-1.584500
-1.585700
-1.461200
-1.400100
-1.480700
-1.464800
-1.533200
-1.492900
-1.420900
-1.374500
-1.248800
-1.102300
-1.014400
-0.942380
-0.894780
-0.820310
-0.753170
-0.706790
-0.695800
-0.646970
-0.598140
-0.541990
-0.438230
-0.412600
-0.372310
-0.261230
-0.172120
-0.089111
-0.003662
0.142820
0.225830
0.310060
0.577390
0.894780
1.337900
1.939700
2.301000
2.634300
2.948000
2.880900
2.878400
2.784400
2.747800
2.656300
2.436500
2.290000
2.276600
2.026400
1.818800
1.333000
1.088900
0.866700
0.491940
0.512700
0.614010
0.947270
0.999760
1.154800
1.514900
1.762700
1.667500
1.667500
1.688200
1.449000
1.392800
1.275600
1.293900
1.324500
1.273200
1.256100
1.162100
1.075400
1.015600
0.888670
0.780030
0.762940
0.708010
0.588380
0.386960
0.231930
0.233150
0.102540
0.004883
-0.235600
-0.509030
-0.653080
-0.749510
-0.877690
-0.959470
-1.104700
-1.219500
-1.185300
-1.180400
-1.225600
-1.322000
-1.351300
-1.372100
-1.416000
-1.464800
-1.438000
-1.370800
-1.411100
-1.446500
-1.474600
-1.519800
-1.431900
-1.385500
-1.441700
-1.375700
-1.366000
-1.320800
-1.304900
-1.245100
-1.168200
-1.077900
-1.070600
-0.941160
-0.850830
-0.766600
-0.749510
-0.708010
-0.703130
-0.600590
-0.526120
-0.401610
-0.197750
-0.104980
-0.052490
0.000000
0.086670
0.131840
0.195310
0.275880
0.407710
0.510250
0.581050
0.733640
0.838620
1.088900
1.326900
1.485600
1.790800
2.077600
2.161900
2.177700
2.181400
2.406000
2.363300
2.363300
2.381600
2.364500
2.258300
2.012900
1.897000
1.843300
1.761500
1.585700
1.422100
1.373300
1.246300
1.036400
0.880130
0.759280
0.560300
0.255130
0.030518
-0.194090
-0.264890
-0.415040
-0.405270
-0.538330
-0.623780
-0.629880
-0.605470
-0.723880
-0.740970
-0.778810
-0.762940
-0.747070
-0.831300
-0.816650
-0.714110
-0.736080
-0.823970
-0.810550
-0.760500
-0.815430
-0.792240
-0.788570
-0.869140
-0.844730
-0.953370
-1.049800
-1.060800
-1.047400
-1.103500
-1.098600
-1.126700
-1.182900
-1.181600
-1.149900
-1.130400
-1.186500
-1.221900
-1.240200
-1.210900
-1.229200
-1.202400
-1.193800
-1.207300
-1.142600
-1.053500
-0.982670
-1.010700
-1.004600
-1.005900
-0.972900
-0.887450
-0.834960
-0.717770
-0.695800
-0.612790
-0.500490
-0.452880
-0.385740
-0.290530
-0.269780
-0.120850
0.045166
0.212400
0.286870
0.454100
0.694580
0.832520
1.153600
1.439200
1.492900
1.638200
1.750500
1.549100
1.251200
1.035200
0.911870
0.665280
0.761720
1.016800
0.974120
1.312300
1.601600
1.766400
1.795700
1.605200
1.533200
1.247600
1.024200
0.906980
0.888670
0.870360
0.720210
0.594480
0.487060
0.277100
0.014648
-0.170900
-0.290530
-0.312500
-0.407710
-0.555420
-0.562740
-0.655520
-0.677490
-0.756840
-0.887450
-0.887450
-0.775150
-0.686040
-0.684810
-0.662840
-0.623780
-0.640870
-0.686040
-0.692140
-0.705570
-0.678710
-0.609130
-0.574950
-0.556640
-0.593260
-0.549320
-0.528560
-0.565190
-0.527340
-0.490720
-0.400390
-0.407710
-0.333250
-0.302730
-0.261230
-0.267330
-0.260010
-0.234380
-0.198970
-0.076904
-0.014648
0.056152
0.061035
0.162350
0.306400
0.415040
0.441890
0.600590
0.623780
0.629880
0.600590
0.517580
0.450440
0.343020
0.256350
0.172120
0.261230
0.117190
0.064697
0.247800
0.467530
0.509030
0.429690
0.161130
0.197750
0.356450
0.263670
0.262450
0.158690
0.114750
-0.006104
-0.008545
0.013428
0.058594
0.039063
0.018311
-0.109860
-0.297850
-0.373540
-0.343020
-0.350340
-0.455320
-0.620120
-0.661620
-0.714110
-0.704350
-0.756840
-0.723880
-0.729980
-0.749510
-0.720210
-0.798340
-0.809330
-0.853270
-0.798340
-0.823970
-0.850830
-0.865480
-0.969240
-1.037600
-1.060800
-1.080300
-1.018100
-0.963130
-0.980220
-0.989990
-0.931400
-0.864260
-0.765380
-0.671390
-0.611570
-0.529790
-0.541990
-0.556640
-0.520020
-0.433350
-0.382080
-0.454100
-0.360110
-0.321040
-0.249020
-0.180660
-0.089111
0.111080
0.172120
0.472410
0.660400
0.792240
0.875240
0.863040
0.799560
0.867920
0.788570
0.887450
0.866700
0.915530
0.893550
0.748290
0.410160
0.433350
0.469970
0.650630
0.670170
0.700680
0.948490
1.202400
1.295200
1.267100
1.186500
1.021700
0.880130
0.684810
0.648190
0.505370
0.526120
0.482180
0.535890
0.465090
0.258790
0.072021
-0.041504
-0.164790
-0.133060
-0.100100
-0.035400
-0.015869
-0.080566
