0.107420
0.216060
0.141600
0.056152
0.074463
0.093994
0.141600
0.108640
0.230710
0.399170
0.310060
0.001221
-0.114750
-0.137940
-0.047607
-0.081787
-0.089111
0.236820
0.722660
0.786130
0.450440
0.173340
0.166020
-0.129390
-0.279540
-0.411380
-0.201420
-0.313720
-0.324710
-0.087891
0.148930
0.153810
-0.234380
-0.485840
-0.307620
-0.061035
0.003662
-0.015869
0.062256
0.200200
0.372310
0.343020
0.236820
0.158690
0.202640
0.200200
0.172120
0.080566
-0.218510
-0.194090
-0.332030
-0.450440
-0.371090
-0.305180
-0.148930
0.042725
0.111080
0.303960
0.405270
0.358890
0.214840
0.177000
-0.024414
-0.313720
-0.133060
-0.001221
0.003662
-0.025635
-0.104980
-0.263670
-0.322270
-0.319820
-0.328370
-0.303960
-0.107420
-0.109860
-0.200200
-0.308840
-0.283200
-0.109860
-0.080566
-0.186770
-0.112300
0.135500
0.224610
-0.101320
-0.262450
-0.313720
-0.245360
-0.045166
-0.358890
-0.715330
-0.382080
-0.134280
-0.037842
0.056152
-0.035400
-0.384520
-0.295410
-0.064697
-0.178220
-0.285640
-0.299070
-0.134280
-0.058594
-0.009766
0.166020
0.380860
0.373540
0.155030
-0.065918
-0.224610
-0.064697
-0.059814
-0.039063
-0.103760
-0.151370
-0.090332
-0.035400
0.004883
0.073242
0.179440
0.010986
-0.087891
0.040283
0.012207
-0.062256
-0.074463
-0.146480
-0.051270
0.048828
0.062256
-0.185550
-0.028076
-0.135500
-0.240480
-0.168460
-0.117190
0.144040
0.333250
0.352780
0.351560
0.335690
0.241700
0.249020
0.386960
0.395510
0.421140
0.080566
-0.312500
-0.364990
-0.234380
-0.198970
-0.280760
-0.505370
-0.496830
-0.394290
-0.344240
-0.301510
-0.184330
0.191650
-0.002441
-0.290530
-0.505370
-0.196530
-0.026855
-0.021973
-0.076904
-0.076904
-0.004883
0.181880
0.355220
0.311280
0.103760
-0.101320
-0.200200
-0.136720
-0.073242
-0.140380
-0.279540
-0.240480
-0.024414
0.114750
0.174560
0.133060
0.218510
0.151370
0.059814
0.169680
0.371090
0.461430
0.611570
0.261230
0.050049
0.042725
-0.195310
-0.256350
-0.266110
-0.087891
0.076904
0.048828
0.164790
0.273440
0.206300
-0.015869
-0.096436
-0.024414
0.031738
-0.231930
-0.173340
-0.087891
-0.140380
-0.187990
-0.283200
-0.223390
-0.145260
-0.079346
0.057373
0.394290
0.555420
0.643310
0.594480
0.209960
-0.239260
-0.589600
-0.588380
-0.544430
-0.440670
-0.269780
-0.062256
0.018311
0.217290
0.361330
0.371090
0.095215
-0.501710
-0.877690
-0.814210
-0.418700
-0.042725
0.251460
0.252690
0.302730
0.299070
0.363770
0.126950
-0.104980
-0.292970
-0.231930
-0.059814
0.068359
0.157470
0.460210
0.721440
0.672610
0.439450
0.275880
0.001221
-0.006104
0.057373
0.125730
0.214840
0.192870
0.256350
0.393070
0.427250
0.332030
0.311280
0.313720
0.314940
0.278320
-0.023193
-0.117190
-0.240480
-0.124510
0.056152
0.173340
0.013428
0.017090
0.102540
0.187990
0.197750
-0.002441
-0.102540
-0.115970
-0.120850
-0.028076
-0.019531
0.037842
0.006104
-0.133060
-0.198970
-0.205080
-0.015869
0.145260
0.117190
0.001221
0.085449
0.202640
0.245360
0.338130
0.415040
0.323490
-0.115970
-0.296630
-0.323490
-0.241700
-0.255130
-0.200200
-0.100100
-0.096436
0.063477
0.228270
0.273440
0.228270
0.080566
-0.209960
-0.406490
-0.371090
-0.406490
-0.461430
-0.302730
0.008545
-0.263670
-0.374760
-0.339360
-0.400390
-0.328370
-0.272220
-0.120850
0.006104
0.192870
0.312500
0.483400
0.485840
0.487060
0.311280
0.157470
-0.023193
-0.195310
-0.288090
-0.261230
-0.291750
-0.195310
0.054932
0.249020
0.306400
0.445560
0.499270
0.374760
0.174560
0.053711
-0.157470
-0.291750
-0.260010
-0.095215
-0.014648
0.240480
0.440670
0.471190
0.422360
0.234380
-0.037842
-0.195310
-0.194090
-0.229490
-0.300290
-0.192870
-0.036621
-0.029297
-0.021973
-0.019531
-0.338130
-0.472410
-0.694580
-0.587160
-0.374760
-0.274660
-0.209960
-0.096436
0.192870
0.367430
0.349120
0.157470
0.200200
0.126950
-0.046387
-0.250240
-0.253910
-0.251460
-0.200200
-0.239260
-0.301510
-0.181880
-0.043945
0.092773
0.288090
0.317380
0.279540
0.208740
0.163570
0.068359
-0.177000
-0.135500
-0.140380
-0.051270
0.076904
0.184330
0.235600
0.084229
0.009766
-0.189210
-0.258790
-0.135500
-0.095215
-0.061035
-0.068359
-0.145260
-0.069580
0.126950
0.187990
0.256350
0.576170
0.594480
0.600590
0.366210
0.180660
0.162350
0.140380
0.120850
0.032959
0.020752
0.141600
0.437010
0.413820
0.233150
0.096436
0.002441
-0.230710
-0.296630
-0.343020
-0.327150
-0.267330
-0.096436
-0.012207
0.028076
0.073242
0.008545
-0.012207
0.113530
0.135500
0.067139
0.003662
-0.172120
-0.267330
-0.328370
-0.407710
-0.461430
-0.438230
-0.383300
-0.130620
-0.045166
0.140380
0.236820
0.175780
0.240480
0.296630
0.323490
0.418700
0.360110
0.234380
0.131840
0.050049
0.029297
0.180660
0.400390
0.438230
0.404050
0.437010
0.531010
0.550540
0.279540
0.162350
0.155030
0.133060
0.115970
0.109860
-0.014648
-0.091553
-0.102540
-0.045166
-0.017090
0.074463
0.144040
-0.008545
0.054932
0.052490
-0.128170
-0.212400
-0.208740
