-0.267330
-0.361330
-0.330810
-0.360110
-0.299070
-0.168460
0.006104
0.244140
0.346680
0.168460
0.131840
0.078125
-0.061035
-0.065918
-0.098877
-0.167240
-0.198970
0.053711
0.507810
0.898440
0.712890
0.056152
-0.009766
-0.111080
-0.083008
0.015869
0.142820
0.081787
0.308840
0.328370
0.261230
0.208740
0.190430
0.144040
-0.101320
-0.174560
-0.133060
-0.034180
0.008545
0.004883
0.179440
0.371090
0.332030
0.114750
0.064697
0.134280
0.141600
0.155030
0.130620
0.030518
-0.146480
-0.427250
-0.559080
-0.540770
-0.461430
-0.445560
-0.426030
-0.257570
0.002441
0.030518
0.141600
-0.053711
-0.153810
-0.202640
-0.093994
-0.114750
-0.241700
-0.389400
-0.506590
-0.412600
-0.289310
-0.073242
0.076904
-0.102540
-0.343020
-0.141600
-0.314940
-0.382080
-0.249020
-0.111080
-0.345460
-0.418700
-0.325930
-0.242920
-0.183110
-0.325930
-0.496830
-0.626220
-0.449220
-0.294190
-0.025635
0.109860
0.115970
-0.029297
-0.297850
-0.316160
-0.374760
-0.394290
-0.101320
0.023193
0.300290
0.435790
0.427250
0.394290
0.410160
0.432130
0.362550
0.427250
0.286870
0.289310
0.622560
0.877690
0.747070
0.205080
-0.155030
-0.367430
-0.482180
-0.421140
-0.277100
-0.087891
0.201420
0.584720
0.717770
0.531010
0.316160
0.070801
-0.045166
0.039063
0.052490
0.043945
0.194090
0.422360
0.417480
0.108640
-0.137940
-0.302730
-0.168460
-0.074463
-0.007324
0.095215
0.050049
-0.230710
-0.329590
-0.446780
-0.629880
-0.699460
-0.777590
-0.657960
-0.549320
-0.274660
0.039063
0.389400
0.307620
-0.158690
-0.258790
-0.302730
-0.407710
-0.469970
-0.198970
0.092773
0.104980
0.130620
0.125730
-0.072021
-0.333250
-0.457760
-0.374760
-0.263670
-0.169680
-0.125730
0.043945
0.126950
0.194090
0.271000
0.181880
0.087891
-0.028076
-0.067139
-0.192870
-0.161130
-0.090332
-0.421140
-0.343020
-0.030518
0.262450
0.469970
0.625000
0.451660
0.306400
0.219730
0.134280
0.070801
-0.109860
-0.190430
-0.264890
-0.249020
-0.345460
-0.264890
0.073242
0.035400
-0.023193
0.162350
0.288090
0.446780
0.549320
0.598140
0.627440
0.502930
0.310060
0.100100
0.124510
0.211180
0.208740
0.112300
0.078125
0.233150
0.168460
0.148930
0.097656
0.106200
0.200200
0.163570
0.268550
0.316160
0.474850
0.462650
0.247800
-0.059814
-0.135500
-0.086670
-0.034180
-0.198970
-0.255130
-0.292970
-0.294190
-0.136720
-0.155030
-0.115970
-0.061035
-0.161130
-0.285640
-0.269780
-0.056152
0.076904
0.159910
0.012207
-0.257570
-0.118410
-0.106200
-0.166020
-0.054932
0.062256
0.112300
0.307620
0.288090
0.069580
-0.097656
-0.124510
-0.234380
-0.279540
-0.223390
-0.227050
-0.102540
0.136720
0.180660
0.095215
-0.046387
-0.181880
-0.241700
-0.158690
0.036621
0.065918
0.166020
0.439450
0.665280
0.701900
0.577390
0.332030
0.079346
-0.089111
-0.172120
-0.184330
-0.114750
-0.227050
-0.134280
-0.107420
-0.072021
-0.048828
-0.103760
-0.114750
-0.178220
-0.347900
-0.439450
-0.454100
-0.413820
-0.252690
-0.095215
-0.019531
-0.158690
-0.085449
0.008545
-0.059814
-0.214840
-0.266110
-0.291750
-0.361330
-0.333250
-0.073242
0.113530
0.452880
0.527340
0.206300
-0.107420
-0.313720
-0.446780
-0.250240
-0.002441
0.018311
0.004883
0.225830
0.528560
0.662840
0.733640
0.870360
0.645750
0.340580
0.170900
0.035400
-0.035400
-0.102540
-0.179440
-0.144040
-0.109860
-0.061035
-0.286870
-0.305180
-0.112300
0.095215
0.151370
0.220950
0.153810
0.228270
0.213620
0.251460
0.351560
0.366210
0.200200
0.151370
-0.006104
-0.004883
-0.068359
-0.273440
-0.218510
-0.246580
-0.268550
-0.186770
0.112300
0.345460
0.460210
0.349120
0.231930
0.164790
0.201420
0.253910
0.241700
0.202640
0.317380
0.372310
0.202640
0.023193
0.046387
0.043945
-0.031738
-0.002441
0.151370
0.260010
0.406490
0.473630
0.500490
0.393070
0.211180
-0.035400
-0.146480
-0.079346
-0.107420
-0.067139
0.111080
0.178220
0.157470
-0.087891
-0.185550
-0.155030
-0.069580
-0.125730
-0.057373
-0.155030
-0.140380
0.111080
0.186770
0.202640
0.059814
-0.083008
-0.191650
-0.159910
-0.203860
-0.289310
-0.339360
-0.322270
-0.211180
-0.063477
0.087891
0.344240
0.484620
0.531010
0.251460
-0.010986
-0.207520
-0.281980
-0.364990
-0.406490
-0.383300
-0.225830
-0.142820
-0.043945
0.269780
0.463870
0.230710
-0.007324
-0.145260
-0.299070
-0.461430
-0.559080
-0.526120
-0.448000
-0.352780
-0.190430
-0.080566
0.006104
0.090332
-0.037842
-0.104980
-0.147710
-0.238040
-0.344240
-0.351560
-0.185550
-0.081787
-0.057373
-0.042725
0.019531
-0.018311
-0.043945
-0.025635
-0.050049
-0.134280
-0.024414
0.008545
-0.161130
-0.240480
-0.290530
-0.308840
-0.271000
-0.266110
-0.283200
-0.212400
-0.096436
0.047607
0.096436
0.195310
0.301510
0.263670
0.325930
0.401610
0.341800
0.335690
0.192870
0.078125
0.017090
-0.057373
-0.155030
-0.164790
-0.083008
-0.062256
-0.168460
-0.133060
0.039063
0.024414
0.120850
0.269780
0.216060
0.208740
0.294190
0.244140
0.328370
0.278320
0.166020
0.137940
0.072021
0.096436
-0.035400
