-0.126950
0.001221
-0.190430
-0.272220
-0.240480
-0.148930
-0.042725
-0.085449
-0.180660
-0.246580
-0.253910
-0.257570
-0.198970
-0.085449
-0.097656
-0.004883
0.271000
0.642090
0.709230
0.500490
0.369870
0.340580
0.321040
0.372310
0.546880
0.397950
0.262450
0.443120
0.731200
0.661620
0.629880
0.273440
0.211180
0.190430
-0.065918
-0.294190
-0.333250
-0.084229
0.168460
0.235600
0.246580
0.185550
0.145260
0.186770
-0.266110
-0.676270
-0.965580
-0.745850
-0.412600
-0.271000
-0.133060
-0.108640
-0.081787
-0.137940
-0.087891
-0.222170
-0.438230
-0.446780
-0.607910
-0.640870
-0.632320
-0.627440
-0.714110
-0.737300
-0.841060
-0.783690
-0.659180
-0.391850
-0.286870
-0.169680
-0.106200
-0.218510
-0.465090
-0.544430
-0.247800
-0.296630
-0.675050
-0.874020
-0.953370
-0.805660
-0.672610
-0.670170
-0.637210
-0.686040
-0.711670
-0.698240
-0.561520
-0.557860
-0.706790
-0.773930
-0.655520
-0.382080
-0.156250
-0.286870
-0.291750
-0.273440
-0.377200
-0.446780
-0.448000
-0.405270
-0.614010
-0.664060
-0.615230
-0.406490
-0.449220
-0.568850
-0.610350
-0.518800
-0.208740
0.023193
-0.139160
-0.067139
0.032959
0.008545
0.014648
-0.297850
-0.405270
-0.292970
-0.266110
-0.029297
0.227050
0.242920
0.041504
-0.085449
-0.086670
-0.218510
-0.278320
-0.212400
-0.207520
-0.250240
-0.329590
-0.329590
-0.358890
-0.391850
-0.572510
-0.744630
-0.705570
-0.532230
-0.362550
-0.294190
-0.137940
-0.111080
-0.167240
-0.201420
-0.026855
-0.002441
0.028076
-0.029297
-0.205080
-0.339360
-0.345460
-0.253910
-0.208740
-0.039063
0.205080
0.294190
0.344240
0.358890
0.385740
0.295410
0.184330
-0.006104
-0.130620
-0.125730
-0.151370
-0.017090
-0.004883
-0.001221
0.128170
0.374760
0.521240
0.471190
0.017090
-0.201420
-0.115970
0.112300
0.202640
0.211180
0.141600
0.214840
0.272220
0.295410
0.341800
0.187990
-0.089111
-0.181880
-0.052490
-0.112300
0.047607
0.332030
0.498050
0.390630
0.238040
0.186770
0.295410
0.371090
0.295410
0.372310
0.361330
0.311280
0.211180
0.032959
-0.043945
0.109860
0.159910
0.201420
0.268550
0.292970
0.311280
0.312500
0.406490
0.312500
0.230710
0.278320
0.380860
0.467530
0.474850
0.463870
0.416260
0.345460
0.053711
-0.111080
-0.092773
-0.007324
0.129390
0.028076
-0.052490
0.062256
0.275880
0.175780
-0.030518
-0.220950
-0.408940
-0.223390
-0.048828
0.207520
0.423580
0.325930
0.310060
0.312500
0.433350
0.483400
0.394290
0.156250
-0.048828
-0.053711
-0.050049
0.020752
0.151370
0.266110
0.401610
0.408940
0.368650
0.274660
0.145260
0.198970
0.065918
-0.224610
-0.198970
0.100100
0.266110
0.235600
0.036621
0.059814
0.161130
0.167240
0.218510
0.286870
0.166020
-0.089111
-0.017090
0.100100
0.043945
0.157470
0.216060
0.257570
0.191650
0.002441
-0.091553
-0.061035
-0.007324
0.051270
-0.036621
-0.135500
-0.098877
0.167240
0.361330
0.039063
-0.133060
-0.070801
-0.053711
-0.007324
-0.064697
-0.002441
-0.085449
-0.141600
0.042725
0.184330
0.230710
0.275880
0.164790
0.196530
0.280760
0.319820
0.354000
0.343020
0.311280
0.308840
0.360110
0.294190
0.083008
0.111080
0.255130
0.429690
0.437010
0.253910
0.217290
0.224610
0.141600
0.190430
0.190430
0.155030
0.130620
0.169680
0.147710
0.048828
0.043945
-0.020752
-0.216060
-0.250240
-0.279540
-0.274660
-0.213620
-0.153810
-0.061035
-0.012207
0.028076
0.220950
0.412600
0.181880
-0.083008
-0.070801
-0.041504
0.067139
0.003662
0.111080
0.251460
0.323490
0.339360
0.335690
0.281980
0.184330
0.037842
-0.002441
-0.045166
-0.201420
-0.098877
0.107420
0.122070
0.250240
0.031738
-0.120850
-0.152590
-0.097656
-0.273440
-0.364990
-0.335690
-0.397950
-0.346680
-0.203860
-0.115970
-0.189210
-0.041504
0.006104
0.117190
0.113530
0.068359
-0.118410
-0.250240
-0.330810
-0.318600
-0.375980
-0.428470
-0.405270
-0.325930
-0.084229
0.015869
0.014648
0.164790
0.245360
0.177000
-0.036621
-0.258790
-0.310060
-0.292970
-0.360110
-0.310060
-0.297850
-0.104980
0.084229
0.151370
0.198970
0.258790
0.301510
0.129390
-0.026855
-0.062256
-0.057373
-0.065918
0.041504
0.200200
0.102540
0.068359
0.061035
0.017090
0.112300
0.013428
0.075684
0.026855
-0.045166
-0.089111
-0.157470
-0.252690
-0.323490
-0.192870
-0.101320
0.032959
0.134280
0.074463
0.006104
-0.091553
-0.150150
-0.292970
-0.216060
-0.186770
-0.274660
-0.251460
-0.119630
-0.036621
-0.073242
-0.195310
-0.361330
-0.566410
-0.524900
-0.346680
-0.223390
-0.281980
-0.183110
-0.091553
0.228270
0.407710
0.517580
0.559080
0.568850
0.441890
0.330810
0.297850
0.135500
0.150150
0.021973
-0.119630
-0.114750
-0.113530
-0.014648
0.019531
0.048828
0.185550
0.274660
0.169680
-0.029297
-0.155030
-0.231930
-0.278320
-0.300290
-0.161130
-0.126950
0.151370
0.303960
0.183110
-0.007324
-0.039063
-0.048828
-0.006104
-0.032959
-0.003662
0.018311
0.030518
0.045166
0.135500
0.122070
0.202640
0.258790
-0.056152
-0.218510
-0.019531
0.274660
0.410160
0.341800
0.264890
0.277100
