-0.092773
-0.130620
-0.023193
0.079346
0.015869
0.019531
0.042725
0.158690
0.307620
0.428470
0.346680
0.233150
0.187990
0.006104
-0.069580
0.108640
0.290530
0.194090
-0.161130
-0.294190
-0.213620
-0.156250
0.079346
0.122070
0.244140
0.415040
0.584720
0.509030
0.368650
0.316160
0.057373
-0.202640
-0.253910
-0.064697
-0.227050
-0.297850
-0.124510
0.119630
0.112300
0.051270
-0.062256
-0.001221
0.076904
0.238040
0.360110
0.153810
0.026855
-0.102540
-0.167240
-0.200200
-0.159910
-0.107420
0.012207
0.037842
-0.051270
-0.010986
0.086670
0.113530
0.019531
-0.208740
-0.312500
-0.394290
-0.538330
-0.504150
-0.529790
-0.635990
-0.654300
-0.665280
-0.615230
-0.554200
-0.568850
-0.588380
-0.592040
-0.395510
-0.062256
0.158690
0.146480
0.219730
0.408940
0.167240
-0.039063
0.122070
0.145260
-0.107420
-0.197750
-0.093994
-0.091553
-0.090332
-0.008545
0.040283
0.043945
0.007324
-0.096436
-0.144040
-0.295410
-0.260010
-0.118410
-0.146480
-0.277100
-0.433350
-0.257570
-0.124510
0.203860
0.404050
0.520020
0.520020
0.517580
0.246580
0.255130
0.395510
0.271000
0.222170
0.245360
0.173340
0.020752
-0.148930
-0.068359
-0.023193
-0.070801
-0.026855
0.195310
0.250240
0.295410
0.283200
0.242920
0.291750
0.383300
0.307620
0.257570
0.151370
-0.112300
-0.109860
-0.133060
-0.198970
-0.327150
-0.274660
-0.301510
-0.247800
-0.026855
-0.006104
-0.097656
-0.179440
-0.218510
-0.393070
-0.411380
-0.361330
-0.183110
-0.020752
0.096436
0.155030
0.308840
0.317380
0.207520
-0.046387
-0.111080
-0.207520
-0.415040
-0.458980
-0.318600
-0.168460
0.013428
0.190430
0.233150
0.306400
0.405270
0.544430
0.460210
0.135500
0.002441
-0.135500
-0.245360
-0.198970
0.013428
0.064697
-0.037842
-0.003662
-0.018311
-0.183110
-0.278320
-0.262450
-0.153810
0.089111
0.208740
0.227050
0.201420
0.201420
0.069580
0.020752
-0.162350
-0.166020
-0.023193
0.003662
0.018311
-0.114750
-0.209960
-0.333250
-0.505370
-0.585940
-0.605470
-0.643310
-0.545650
-0.545650
-0.405270
-0.015869
0.187990
0.284420
0.438230
0.336910
-0.052490
-0.197750
-0.198970
-0.085449
-0.112300
-0.283200
-0.180660
-0.166020
0.041504
0.090332
-0.202640
-0.168460
-0.030518
0.196530
0.222170
0.098877
0.086670
0.074463
0.213620
0.301510
0.081787
-0.177000
-0.395510
-0.546880
-0.417480
-0.231930
0.026855
-0.158690
-0.351560
-0.321040
-0.372310
-0.306400
-0.224610
-0.128170
-0.020752
0.061035
0.271000
0.192870
0.255130
0.096436
-0.158690
-0.449220
-0.531010
-0.443120
-0.216060
-0.068359
0.023193
0.139160
0.218510
0.311280
0.371090
0.504150
0.538330
0.343020
0.225830
0.153810
0.089111
0.010986
-0.235600
-0.172120
-0.150150
-0.014648
0.150150
0.211180
0.354000
0.659180
0.665280
0.410160
0.157470
0.162350
0.266110
0.228270
0.140380
0.128170
0.103760
0.015869
0.015869
-0.045166
0.013428
-0.037842
0.006104
0.103760
0.314940
0.615230
0.711670
0.596920
0.275880
-0.206300
-0.058594
-0.064697
-0.205080
-0.180660
-0.052490
0.180660
0.317380
0.393070
0.329590
0.245360
0.158690
0.173340
0.073242
-0.122070
-0.093994
-0.057373
-0.184330
-0.266110
-0.108640
-0.012207
0.187990
0.255130
0.216060
0.202640
-0.045166
-0.068359
0.017090
0.120850
0.194090
0.135500
0.247800
0.380860
0.424800
0.318600
0.206300
0.021973
-0.240480
-0.360110
-0.303960
-0.299070
0.018311
0.085449
0.180660
0.156250
0.161130
0.440670
0.622560
0.257570
0.085449
0.190430
0.112300
0.202640
0.308840
0.271000
0.247800
0.268550
0.134280
-0.008545
-0.098877
-0.201420
-0.317380
-0.487060
-0.556640
-0.615230
-0.228270
0.114750
0.296630
0.354000
0.222170
0.161130
0.086670
0.065918
0.056152
0.032959
-0.008545
0.073242
0.107420
-0.031738
-0.137940
-0.136720
-0.218510
-0.249020
-0.263670
-0.124510
0.019531
0.074463
0.194090
0.349120
0.458980
0.378420
0.148930
-0.031738
-0.040283
-0.096436
-0.179440
-0.213620
-0.286870
-0.289310
-0.334470
-0.390630
-0.449220
-0.233150
-0.119630
-0.002441
0.081787
0.003662
0.135500
0.108640
0.157470
0.124510
-0.023193
-0.158690
-0.173340
-0.085449
0.133060
0.333250
0.418700
0.362550
0.379640
0.373540
0.480960
0.517580
0.552980
0.374760
0.081787
0.021973
0.052490
0.054932
-0.046387
-0.025635
0.001221
0.036621
0.034180
-0.013428
-0.050049
-0.056152
-0.207520
-0.194090
-0.300290
-0.382080
-0.421140
-0.399170
-0.368650
-0.301510
-0.163570
-0.103760
-0.017090
-0.001221
0.096436
0.122070
0.056152
-0.029297
-0.091553
-0.101320
-0.147710
-0.256350
-0.338130
-0.275880
-0.297850
-0.296630
-0.410160
-0.366210
-0.252690
-0.239260
-0.065918
-0.067139
0.059814
0.128170
0.245360
0.391850
0.362550
0.295410
0.296630
0.384520
0.330810
0.405270
0.489500
0.458980
0.317380
0.209960
0.012207
0.107420
0.231930
0.223390
0.129390
0.096436
0.186770
0.435790
0.485840
0.397950
0.104980
-0.117190
-0.228270
-0.103760
-0.072021
-0.169680
-0.297850
-0.382080
-0.449220
-0.407710
-0.379640
-0.187990
-0.102540
0.014648
