-0.373540
-0.328370
-0.307620
-0.317380
-0.148930
-0.134280
-0.085449
0.087891
0.157470
-0.018311
-0.041504
-0.015869
-0.093994
-0.144040
-0.177000
-0.336910
-0.299070
0.152590
0.400390
0.203860
-0.056152
-0.050049
-0.076904
-0.064697
0.174560
0.163570
0.216060
0.196530
0.377200
0.468750
0.437010
0.329590
0.233150
0.122070
0.120850
0.184330
0.102540
0.074463
0.104980
0.251460
0.291750
0.360110
0.454100
0.374760
0.147710
-0.037842
-0.325930
-0.363770
-0.538330
-0.488280
-0.383300
-0.322270
-0.159910
-0.103760
0.012207
0.076904
0.079346
-0.093994
-0.162350
-0.140380
-0.239260
-0.233150
-0.178220
-0.185550
-0.192870
-0.090332
0.035400
-0.045166
-0.130620
-0.178220
-0.035400
0.046387
0.194090
-0.163570
-0.173340
-0.356450
-0.343020
-0.092773
-0.056152
-0.225830
-0.206300
-0.057373
-0.155030
-0.273440
-0.413820
-0.472410
-0.507810
-0.515140
-0.562740
-0.339360
-0.225830
-0.178220
-0.172120
-0.310060
-0.391850
-0.526120
-0.473630
-0.358890
-0.268550
-0.113530
-0.097656
0.040283
0.241700
0.214840
0.235600
-0.025635
0.002441
0.126950
0.172120
0.161130
0.224610
0.429690
0.706790
0.488280
0.062256
-0.095215
-0.321040
-0.426030
-0.374760
-0.220950
-0.120850
0.042725
0.124510
0.339360
0.366210
0.441890
0.463870
0.251460
0.012207
-0.017090
0.240480
0.351560
0.198970
-0.152590
-0.200200
-0.079346
-0.002441
0.039063
0.085449
0.052490
0.104980
0.102540
0.142820
0.310060
0.435790
0.411380
0.262450
0.245360
0.316160
0.279540
0.023193
-0.174560
-0.380860
-0.242920
-0.177000
-0.112300
-0.056152
-0.031738
0.120850
0.198970
0.222170
0.104980
0.004883
-0.080566
-0.327150
-0.621340
-0.578610
-0.373540
-0.235600
-0.218510
-0.260010
-0.095215
-0.081787
0.017090
0.225830
0.441890
0.180660
-0.152590
-0.305180
-0.162350
-0.196530
-0.157470
-0.074463
0.059814
0.019531
-0.043945
0.101320
0.202640
0.119630
-0.013428
-0.141600
-0.063477
-0.084229
-0.174560
-0.168460
0.004883
0.142820
-0.008545
-0.222170
-0.262450
-0.195310
-0.280760
-0.100100
0.159910
0.095215
-0.197750
-0.072021
-0.009766
0.014648
0.095215
0.235600
0.227050
0.023193
-0.073242
-0.190430
-0.380860
-0.323490
-0.465090
-0.507810
-0.432130
-0.372310
-0.173340
-0.111080
0.039063
0.200200
0.187990
-0.169680
-0.526120
-0.714110
-0.434570
-0.172120
-0.089111
-0.140380
0.090332
0.228270
0.109860
0.073242
-0.024414
-0.178220
-0.253910
-0.117190
0.113530
0.181880
0.267330
0.416260
0.367430
0.306400
0.335690
0.241700
-0.015869
-0.184330
-0.415040
-0.390630
-0.319820
-0.284420
-0.490720
-0.551760
-0.220950
-0.162350
-0.184330
-0.126950
-0.113530
-0.020752
0.072021
0.119630
0.302730
0.426030
0.369870
0.264890
0.340580
0.373540
0.128170
-0.378420
-0.633540
-0.423580
-0.169680
0.051270
0.241700
0.200200
0.189210
0.151370
0.026855
-0.197750
-0.366210
-0.400390
-0.347900
-0.291750
-0.163570
0.081787
0.328370
0.434570
0.421140
0.369870
0.194090
0.054932
0.053711
0.029297
-0.084229
-0.010986
0.072021
-0.014648
-0.093994
-0.172120
-0.216060
-0.059814
-0.029297
0.020752
0.018311
0.002441
0.046387
0.107420
0.112300
0.255130
0.506590
0.533450
0.347900
-0.139160
-0.380860
-0.350340
-0.209960
-0.113530
-0.039063
0.251460
0.357670
0.563960
0.717770
0.747070
0.615230
0.325930
0.064697
-0.036621
-0.081787
-0.150150
-0.139160
0.128170
0.218510
0.269780
0.256350
0.261230
0.422360
0.413820
0.362550
0.268550
0.216060
0.197750
0.073242
-0.069580
-0.260010
0.013428
0.091553
0.046387
0.109860
0.307620
0.451660
0.417480
0.332030
0.404050
0.523680
0.601810
0.457760
0.047607
-0.040283
0.091553
0.137940
0.064697
-0.034180
-0.190430
-0.266110
-0.290530
-0.235600
-0.117190
-0.159910
-0.175780
-0.063477
0.074463
0.158690
0.201420
0.189210
0.230710
0.352780
0.234380
0.007324
-0.100100
-0.053711
-0.083008
-0.050049
0.140380
0.178220
0.261230
0.269780
0.158690
0.064697
0.100100
0.065918
0.035400
0.123290
0.153810
0.000000
0.075684
0.229490
0.192870
0.175780
0.140380
0.056152
-0.023193
-0.277100
-0.419920
-0.435790
-0.448000
-0.397950
-0.271000
-0.163570
-0.006104
0.277100
0.340580
0.325930
0.317380
0.269780
0.072021
-0.046387
-0.161130
-0.148930
-0.191650
0.003662
0.157470
0.228270
0.327150
0.327150
0.229490
0.034180
-0.068359
-0.119630
0.004883
0.036621
0.111080
0.128170
0.328370
0.559080
0.644530
0.466310
0.147710
-0.052490
-0.343020
-0.512700
-0.557860
-0.496830
-0.318600
-0.086670
0.117190
0.334470
0.325930
0.217290
0.083008
0.123290
-0.043945
-0.057373
0.006104
-0.012207
-0.019531
-0.178220
-0.332030
-0.336910
-0.289310
-0.190430
-0.073242
-0.070801
0.040283
0.056152
0.093994
-0.106200
-0.223390
-0.311280
-0.380860
-0.493160
-0.393070
-0.434570
-0.393070
-0.296630
-0.113530
0.017090
-0.010986
-0.185550
-0.334470
-0.400390
-0.371090
-0.504150
-0.529790
-0.520020
-0.461430
-0.323490
-0.126950
0.040283
0.192870
0.158690
-0.025635
-0.206300
-0.296630
-0.327150
-0.240480
-0.290530
