0.030518
-0.043945
-0.109860
-0.058594
-0.032959
0.019531
0.108640
0.285640
0.156250
-0.122070
-0.200200
-0.057373
-0.040283
-0.131840
-0.119630
0.072021
0.367430
0.382080
0.601810
0.495610
0.081787
-0.305180
0.002441
-0.026855
-0.225830
-0.012207
0.201420
0.324710
0.382080
0.299070
0.235600
0.186770
0.032959
0.008545
0.043945
0.145260
-0.073242
-0.134280
-0.142820
-0.100100
0.024414
0.106200
0.334470
0.212400
0.152590
-0.252690
-0.399170
-0.301510
-0.158690
-0.133060
-0.277100
-0.279540
-0.083008
-0.057373
-0.075684
-0.019531
0.087891
0.196530
0.118410
-0.051270
-0.136720
0.130620
0.321040
0.369870
0.178220
0.175780
0.235600
0.134280
0.019531
-0.001221
0.085449
0.344240
0.421140
0.200200
0.003662
-0.344240
-0.349120
-0.144040
-0.296630
-0.445560
-0.288090
-0.214840
-0.187990
-0.197750
-0.191650
-0.179440
-0.402830
-0.803220
-0.788570
-0.592040
-0.361330
-0.543210
-0.584720
-0.439450
-0.128170
0.073242
0.021973
-0.109860
-0.207520
-0.162350
-0.117190
-0.113530
-0.167240
-0.332030
-0.407710
-0.330810
-0.281980
-0.125730
0.034180
0.283200
0.417480
0.258790
0.324710
0.239260
0.109860
0.177000
0.052490
0.023193
0.025635
0.041504
-0.031738
0.107420
0.319820
-0.006104
-0.274660
-0.207520
0.073242
0.257570
0.382080
0.366210
0.283200
0.208740
0.186770
0.404050
0.513920
0.333250
0.078125
0.148930
0.151370
0.190430
0.133060
-0.109860
-0.349120
-0.338130
-0.063477
-0.073242
-0.169680
-0.004883
-0.212400
-0.334470
-0.242920
-0.081787
0.062256
0.025635
-0.156250
-0.472410
-0.462650
-0.260010
-0.111080
0.063477
0.299070
0.521240
0.705570
0.253910
-0.004883
0.047607
0.012207
0.101320
-0.050049
-0.250240
-0.274660
0.012207
0.374760
0.538330
0.439450
0.089111
0.045166
0.028076
-0.001221
-0.008545
0.032959
0.015869
0.035400
0.209960
0.122070
-0.078125
-0.069580
-0.087891
0.006104
-0.054932
-0.131840
-0.054932
-0.133060
-0.096436
-0.278320
-0.305180
-0.228270
-0.267330
0.054932
0.047607
0.014648
0.043945
0.109860
0.144040
-0.026855
-0.018311
0.046387
-0.025635
-0.124510
-0.036621
0.040283
0.008545
0.220950
0.317380
0.262450
0.125730
0.093994
-0.100100
-0.144040
-0.096436
-0.172120
-0.136720
0.076904
-0.045166
-0.072021
-0.026855
-0.078125
-0.101320
-0.258790
-0.246580
-0.130620
-0.070801
-0.012207
-0.051270
0.000000
0.222170
0.155030
-0.048828
-0.113530
-0.194090
-0.173340
-0.012207
0.007324
-0.251460
-0.404050
-0.388180
-0.146480
0.036621
0.031738
0.025635
0.015869
-0.142820
-0.222170
-0.140380
-0.100100
-0.002441
0.093994
0.230710
0.334470
0.224610
-0.063477
-0.328370
-0.321040
-0.228270
-0.340580
-0.404050
-0.197750
-0.041504
-0.030518
0.274660
0.312500
0.268550
0.043945
-0.053711
0.057373
0.008545
-0.120850
-0.072021
-0.075684
0.002441
0.024414
0.002441
0.075684
0.083008
-0.172120
-0.124510
0.018311
0.218510
0.214840
0.214840
0.355220
0.610350
0.715330
0.856930
0.771480
0.684810
0.588380
0.190430
-0.131840
-0.294190
-0.268550
-0.300290
-0.224610
0.018311
0.048828
0.144040
0.371090
0.483400
0.467530
0.402830
0.440670
0.345460
0.130620
-0.211180
-0.397950
-0.393070
-0.479740
-0.634770
-0.543210
-0.252690
-0.001221
0.145260
0.130620
0.157470
0.115970
0.152590
0.029297
-0.056152
-0.106200
-0.177000
-0.095215
0.131840
0.236820
0.220950
0.255130
0.367430
0.201420
0.114750
0.008545
-0.118410
-0.306400
-0.386960
-0.338130
-0.316160
-0.284420
-0.117190
0.098877
0.186770
0.218510
0.367430
0.412600
0.428470
0.444340
0.322270
0.239260
0.256350
0.249020
-0.147710
-0.206300
-0.166020
-0.093994
-0.107420
-0.063477
-0.048828
0.062256
0.174560
0.218510
0.306400
0.247800
0.328370
0.272220
0.198970
0.061035
0.061035
-0.078125
-0.214840
-0.283200
-0.255130
-0.241700
-0.249020
-0.109860
0.029297
0.080566
0.002441
0.019531
0.197750
0.305180
0.371090
0.349120
0.251460
0.157470
0.115970
0.145260
0.155030
0.170900
0.061035
-0.063477
-0.181880
-0.109860
-0.052490
0.076904
0.047607
-0.091553
-0.134280
-0.050049
0.126950
-0.140380
-0.268550
-0.142820
-0.129390
-0.169680
-0.111080
0.086670
0.308840
0.253910
-0.051270
-0.100100
-0.063477
-0.008545
-0.024414
-0.014648
0.037842
0.258790
0.494380
0.322270
0.107420
-0.125730
-0.285640
-0.266110
-0.371090
-0.537110
-0.444340
-0.285640
-0.140380
-0.081787
-0.024414
0.053711
0.073242
-0.074463
-0.290530
-0.306400
-0.222170
-0.163570
-0.166020
-0.208740
-0.185550
-0.079346
0.040283
0.236820
0.238040
0.126950
0.173340
0.208740
0.180660
0.003662
-0.013428
-0.010986
0.013428
-0.107420
-0.247800
-0.255130
-0.015869
0.097656
0.065918
0.075684
0.109860
0.074463
0.163570
0.123290
0.167240
0.141600
0.169680
0.256350
0.079346
-0.095215
-0.064697
0.191650
0.235600
0.180660
0.168460
-0.025635
-0.048828
-0.191650
-0.268550
-0.288090
-0.305180
-0.361330
-0.469970
-0.555420
-0.418700
-0.078125
0.258790
0.122070
-0.002441
-0.117190
-0.181880
-0.179440
-0.271000
-0.277100
-0.040283
