-0.117190
0.112300
0.174560
0.124510
0.129390
0.093994
0.108640
0.046387
-0.012207
-0.057373
0.056152
0.135500
0.147710
0.207520
0.310060
0.228270
0.074463
0.280760
0.616460
0.720210
0.456540
0.028076
0.198970
-0.006104
-0.108640
-0.075684
0.090332
0.113530
0.029297
0.239260
0.177000
0.507810
0.629880
0.426030
0.290530
0.052490
-0.006104
0.003662
0.007324
-0.019531
0.133060
0.279540
0.242920
0.212400
0.114750
0.112300
0.277100
0.251460
0.140380
-0.023193
-0.310060
-0.417480
-0.393070
-0.322270
-0.172120
-0.239260
-0.245360
-0.332030
-0.390630
-0.441890
-0.520020
-0.428470
-0.528560
-0.628660
-0.551760
-0.509030
-0.510250
-0.559080
-0.611570
-0.677490
-0.699460
-0.598140
-0.541990
-0.589600
-0.557860
-0.543210
-0.483400
-0.148930
0.184330
0.042725
-0.202640
-0.417480
-0.490720
-0.522460
-0.397950
-0.224610
-0.144040
-0.052490
0.120850
0.363770
0.273440
0.368650
0.322270
0.131840
-0.136720
-0.290530
-0.317380
0.009766
0.144040
-0.003662
-0.015869
0.253910
0.178220
-0.144040
-0.358890
-0.213620
-0.120850
-0.091553
0.059814
0.278320
0.311280
-0.024414
0.272220
0.489500
0.479740
0.505370
0.541990
0.474850
0.540770
0.622560
0.659180
0.587160
0.435790
0.256350
0.084229
-0.180660
-0.247800
-0.208740
-0.126950
-0.079346
0.018311
0.156250
0.295410
0.371090
0.321040
0.159910
-0.166020
-0.303960
-0.598140
-0.610350
-0.545650
-0.495610
-0.301510
-0.007324
0.181880
0.009766
-0.285640
-0.357670
-0.367430
-0.263670
-0.345460
-0.266110
-0.009766
0.292970
0.522460
0.563960
0.349120
0.278320
0.019531
0.120850
0.240480
0.407710
0.404050
0.522460
0.605470
0.577390
0.445560
0.162350
-0.048828
-0.144040
-0.135500
-0.233150
-0.325930
-0.067139
0.079346
0.167240
0.230710
0.269780
0.310060
0.242920
0.251460
0.404050
0.653080
0.573730
0.445560
0.286870
-0.201420
-0.347900
-0.299070
-0.191650
-0.141600
-0.225830
-0.262450
-0.106200
0.080566
0.098877
0.023193
0.087891
0.280760
0.004883
-0.100100
-0.047607
0.037842
0.024414
0.003662
0.067139
-0.024414
0.057373
0.051270
0.058594
-0.084229
-0.203860
-0.338130
-0.339360
-0.317380
-0.181880
-0.080566
0.008545
0.090332
0.123290
0.355220
0.216060
0.150150
-0.056152
-0.126950
-0.087891
-0.081787
-0.052490
-0.039063
-0.069580
-0.197750
-0.159910
-0.073242
-0.074463
-0.052490
0.062256
0.061035
0.028076
-0.076904
-0.262450
-0.456540
-0.427250
-0.429690
-0.317380
-0.109860
0.174560
0.441890
0.577390
0.460210
0.288090
-0.064697
-0.310060
-0.491940
-0.543210
-0.391850
-0.031738
-0.008545
0.034180
0.339360
0.364990
0.134280
-0.089111
-0.153810
-0.306400
-0.336910
-0.120850
0.009766
0.039063
0.073242
0.258790
0.434570
0.472410
0.314940
0.275880
0.092773
-0.249020
-0.271000
-0.469970
-0.352780
-0.102540
-0.092773
0.037842
0.217290
0.336910
0.178220
0.203860
0.117190
-0.067139
-0.242920
-0.230710
-0.130620
-0.080566
0.097656
0.317380
0.267330
0.006104
-0.235600
-0.319820
-0.421140
-0.462650
-0.261230
-0.153810
-0.036621
-0.025635
0.101320
0.034180
0.003662
0.015869
0.051270
0.083008
0.280760
0.311280
0.196530
0.073242
-0.159910
-0.303960
-0.273440
-0.267330
-0.329590
-0.437010
-0.297850
-0.271000
-0.067139
-0.184330
-0.148930
-0.169680
-0.219730
-0.235600
-0.161130
0.019531
0.090332
0.024414
-0.030518
0.101320
0.032959
0.034180
0.057373
0.261230
0.319820
0.278320
0.316160
0.333250
0.384520
0.401610
0.366210
0.334470
0.234380
0.047607
0.064697
0.167240
0.080566
-0.079346
-0.272220
-0.291750
-0.186770
-0.186770
-0.227050
-0.186770
-0.201420
-0.144040
0.057373
0.131840
0.006104
-0.031738
0.006104
0.180660
0.313720
0.418700
0.556640
0.515140
0.527340
0.467530
0.329590
0.245360
0.122070
-0.030518
-0.155030
-0.190430
-0.067139
0.112300
0.305180
0.415040
0.327150
0.223390
0.163570
0.155030
-0.010986
-0.102540
-0.106200
-0.039063
-0.009766
0.023193
0.112300
0.209960
0.247800
0.129390
0.018311
0.109860
0.178220
0.042725
-0.207520
-0.341800
-0.268550
-0.189210
-0.062256
0.015869
0.023193
0.007324
0.015869
-0.009766
-0.019531
-0.108640
-0.040283
0.123290
0.086670
-0.030518
-0.080566
-0.061035
-0.064697
-0.120850
-0.007324
0.002441
-0.155030
-0.187990
-0.170900
-0.052490
0.107420
0.251460
0.281980
0.234380
0.227050
0.035400
-0.133060
-0.211180
-0.223390
-0.152590
-0.076904
-0.064697
-0.034180
0.026855
0.277100
0.332030
0.260010
0.135500
-0.014648
-0.009766
-0.139160
-0.156250
0.090332
0.131840
0.083008
-0.028076
-0.103760
-0.076904
-0.034180
0.007324
-0.041504
-0.096436
-0.134280
-0.197750
-0.285640
-0.345460
-0.308840
-0.380860
-0.218510
0.034180
0.083008
-0.048828
-0.096436
-0.072021
-0.008545
-0.098877
-0.249020
-0.363770
-0.356450
-0.227050
-0.161130
-0.047607
-0.083008
-0.228270
-0.139160
-0.059814
-0.107420
-0.134280
-0.163570
-0.216060
-0.281980
-0.257570
-0.289310
-0.236820
-0.107420
0.095215
0.172120
-0.064697
-0.205080
-0.262450
-0.303960
-0.336910
-0.383300
-0.332030
