0.268550
0.198970
0.197750
0.211180
0.146480
0.019531
0.069580
0.062256
0.017090
0.008545
-0.053711
-0.030518
-0.090332
0.009766
0.139160
0.383300
0.646970
0.898440
0.584720
0.080566
-0.246580
-0.144040
0.031738
0.096436
0.073242
0.070801
0.181880
0.454100
0.666500
0.662840
0.614010
0.427250
0.231930
0.384520
0.340580
0.250240
0.180660
0.156250
0.285640
0.394290
0.483400
0.532230
0.555420
0.429690
0.402830
0.386960
0.187990
-0.051270
-0.168460
-0.180660
-0.216060
-0.218510
-0.201420
-0.092773
-0.064697
0.042725
0.067139
0.263670
0.190430
-0.106200
-0.141600
-0.290530
-0.399170
-0.183110
0.056152
0.277100
0.511470
0.640870
0.639650
0.599370
0.609130
0.225830
0.174560
0.278320
0.096436
-0.239260
-0.303960
0.012207
0.170900
0.260010
0.169680
0.178220
0.223390
0.118410
0.126950
0.218510
0.179440
0.134280
0.205080
0.456540
0.443120
0.207520
0.217290
0.277100
0.191650
0.281980
0.085449
-0.113530
-0.332030
-0.241700
-0.151370
-0.100100
0.090332
0.228270
0.322270
0.225830
0.330810
0.554200
0.570070
0.273440
0.179440
-0.041504
0.039063
0.039063
-0.155030
-0.119630
0.034180
0.284420
0.504150
0.743410
0.927730
0.856930
0.650630
0.579830
0.416260
0.529790
0.552980
0.389400
0.267330
0.113530
-0.029297
-0.076904
0.130620
0.461430
0.822750
0.701900
0.556640
0.446780
0.489500
0.487060
0.275880
0.135500
0.098877
0.107420
0.285640
0.520020
0.496830
0.408940
0.385740
0.042725
-0.025635
-0.122070
0.035400
-0.235600
-0.279540
-0.112300
-0.063477
0.043945
0.013428
-0.078125
0.098877
0.268550
0.225830
0.061035
-0.117190
-0.236820
-0.219730
-0.202640
-0.131840
-0.198970
-0.167240
-0.067139
0.178220
0.310060
0.286870
0.103760
0.012207
0.006104
0.284420
0.189210
0.089111
0.246580
0.177000
-0.128170
-0.067139
-0.050049
-0.065918
-0.090332
-0.042725
0.020752
-0.112300
-0.030518
0.161130
0.159910
0.083008
0.074463
-0.018311
-0.194090
-0.258790
-0.173340
-0.216060
-0.162350
-0.020752
0.091553
0.107420
-0.108640
-0.185550
0.041504
0.253910
0.141600
0.213620
0.332030
0.260010
0.295410
0.283200
0.323490
0.090332
-0.114750
-0.197750
-0.126950
0.003662
0.091553
0.194090
0.252690
0.141600
0.050049
-0.241700
-0.357670
-0.375980
-0.274660
-0.250240
-0.172120
-0.051270
0.118410
0.180660
0.076904
-0.053711
-0.019531
0.079346
0.063477
0.139160
0.216060
0.388180
0.344240
0.187990
-0.089111
-0.468750
-0.444340
-0.511470
-0.611570
-0.449220
-0.107420
0.012207
0.163570
0.399170
0.366210
0.299070
0.247800
0.053711
-0.187990
-0.285640
-0.048828
0.156250
0.247800
0.373540
0.430910
0.434570
0.327150
0.146480
-0.072021
-0.285640
-0.609130
-0.581050
-0.395510
-0.224610
-0.107420
-0.012207
0.183110
0.201420
0.205080
0.223390
0.330810
0.364990
0.201420
0.032959
-0.030518
0.072021
0.208740
0.350340
0.377200
0.401610
0.347900
0.305180
0.015869
-0.271000
-0.323490
-0.314940
-0.261230
-0.294190
-0.128170
0.112300
0.385740
0.294190
0.286870
0.069580
-0.041504
-0.018311
-0.095215
-0.042725
0.145260
0.228270
0.277100
0.292970
0.075684
0.026855
-0.136720
-0.375980
-0.405270
-0.279540
-0.098877
0.002441
0.063477
0.122070
0.197750
0.263670
0.130620
0.197750
0.013428
-0.250240
-0.556640
-0.682370
-0.640870
-0.501710
-0.323490
-0.284420
-0.196530
-0.180660
-0.162350
-0.034180
-0.041504
-0.233150
-0.367430
-0.495610
-0.639650
-0.637210
-0.848390
-1.104700
-1.151100
-0.977780
-1.097400
-1.229200
-1.237800
-1.130400
-0.994870
-0.833740
-0.642090
-0.701900
-0.732420
-0.705570
-0.584720
-0.543210
-0.504150
-0.522460
-0.488280
-0.476070
-0.349120
-0.080566
0.043945
0.106200
0.068359
-0.158690
-0.266110
-0.213620
0.010986
0.051270
0.135500
0.240480
0.430910
0.628660
0.629880
0.607910
0.640870
0.562740
0.667720
0.625000
0.541990
0.627440
0.596920
0.450440
0.322270
0.206300
0.177000
0.291750
0.412600
0.582280
0.616460
0.781250
0.836180
0.750730
0.810550
0.629880
0.458980
0.437010
0.496830
0.495610
0.572510
0.616460
0.621340
0.610350
0.549320
0.661620
0.690920
0.737300
0.736080
0.550540
0.419920
0.274660
0.302730
0.300290
0.123290
0.051270
-0.054932
0.078125
0.292970
0.238040
0.126950
0.214840
0.224610
0.102540
0.155030
0.107420
0.187990
0.003662
0.037842
0.074463
0.192870
0.203860
0.263670
0.448000
0.529790
0.648190
0.656740
0.585940
0.305180
0.271000
0.141600
-0.158690
-0.225830
-0.289310
-0.308840
-0.224610
-0.222170
-0.177000
-0.166020
-0.032959
0.107420
0.117190
0.090332
0.113530
0.255130
0.158690
-0.079346
-0.175780
-0.167240
-0.122070
0.064697
0.109860
0.051270
0.037842
0.117190
0.139160
0.021973
-0.155030
-0.357670
-0.363770
-0.568850
-0.701900
-0.699460
-0.504150
-0.424800
-0.302730
-0.250240
-0.311280
-0.399170
-0.452880
-0.395510
-0.130620
-0.107420
-0.292970
-0.438230
-0.457760
-0.461430
-0.529790
-0.439450
-0.496830
-0.539550
-0.520020
-0.413820
-0.360110
-0.383300
