-0.003662
0.102540
0.268550
0.240480
0.100100
-0.012207
-0.145260
-0.133060
-0.189210
-0.299070
-0.343020
-0.219730
-0.123290
0.009766
-0.100100
-0.067139
-0.122070
-0.054932
0.422360
0.644530
0.523680
0.162350
0.223390
0.004883
0.148930
0.527340
0.339360
0.250240
0.329590
0.500490
0.480960
0.263670
0.062256
-0.219730
-0.181880
-0.086670
-0.041504
-0.159910
-0.247800
0.036621
0.388180
0.466310
0.317380
0.118410
-0.084229
0.124510
0.349120
0.305180
-0.048828
-0.267330
-0.328370
-0.494380
-0.534670
-0.395510
-0.368650
-0.253910
-0.146480
-0.053711
0.029297
-0.032959
-0.035400
-0.076904
-0.019531
-0.013428
0.117190
0.194090
0.388180
0.441890
0.225830
0.083008
0.112300
-0.042725
-0.274660
-0.228270
-0.050049
0.029297
0.036621
-0.196530
-0.130620
0.183110
0.090332
-0.042725
-0.129390
-0.118410
-0.024414
0.042725
-0.108640
-0.142820
-0.100100
-0.109860
-0.015869
-0.202640
-0.065918
-0.109860
-0.135500
0.070801
0.350340
0.441890
0.028076
-0.395510
-0.478520
-0.354000
-0.312500
-0.247800
-0.303960
-0.502930
-0.539550
-0.382080
-0.089111
0.330810
0.471190
0.234380
0.085449
-0.021973
-0.006104
-0.150150
-0.172120
0.086670
0.155030
0.216060
0.268550
0.407710
0.573730
0.550540
0.668950
0.244140
-0.019531
0.042725
0.002441
-0.109860
-0.195310
-0.079346
-0.026855
-0.008545
0.012207
0.057373
0.017090
0.294190
0.294190
-0.014648
-0.229490
-0.241700
-0.234380
-0.106200
-0.266110
-0.369870
-0.311280
-0.323490
-0.268550
-0.314940
-0.390630
-0.233150
-0.296630
-0.479740
-0.551760
-0.429690
-0.251460
-0.179440
-0.113530
-0.081787
-0.031738
0.147710
0.322270
0.111080
0.019531
-0.103760
-0.079346
0.086670
0.008545
-0.166020
-0.074463
0.325930
0.395510
0.351560
0.269780
0.135500
0.079346
-0.054932
-0.003662
-0.009766
0.076904
0.216060
0.068359
-0.098877
-0.103760
-0.079346
-0.187990
-0.428470
-0.482180
-0.396730
-0.155030
0.021973
0.236820
0.271000
-0.034180
-0.318600
-0.491940
-0.330810
-0.198970
-0.266110
-0.393070
-0.382080
-0.374760
-0.300290
-0.290530
-0.235600
-0.168460
-0.091553
-0.030518
0.058594
-0.104980
-0.162350
-0.278320
-0.345460
-0.203860
-0.079346
-0.245360
-0.113530
0.106200
-0.093994
-0.020752
-0.097656
-0.256350
-0.260010
-0.323490
-0.244140
0.076904
0.179440
0.347900
0.450440
0.234380
0.187990
0.107420
-0.177000
-0.435790
-0.393070
-0.064697
0.157470
0.162350
0.202640
0.246580
0.249020
0.306400
0.271000
0.155030
0.155030
0.001221
-0.115970
-0.042725
0.048828
-0.034180
-0.054932
-0.141600
-0.072021
-0.031738
0.031738
0.184330
0.095215
-0.194090
-0.217290
0.056152
0.290530
0.415040
0.462650
0.637210
0.509030
0.251460
0.288090
0.207520
0.104980
0.141600
0.153810
0.438230
0.655520
0.784910
0.953370
0.755620
0.386960
0.142820
-0.135500
-0.255130
-0.180660
-0.091553
0.090332
0.114750
0.242920
0.473630
0.537110
0.385740
0.279540
0.123290
-0.097656
-0.152590
-0.271000
-0.135500
-0.013428
0.109860
0.279540
0.295410
0.302730
0.249020
0.028076
0.052490
0.039063
0.102540
0.054932
0.058594
0.119630
-0.034180
0.047607
-0.002441
0.026855
0.057373
0.068359
-0.050049
0.031738
-0.306400
-0.368650
-0.090332
-0.026855
0.101320
0.117190
0.128170
0.185550
0.183110
0.102540
0.046387
-0.050049
-0.008545
0.102540
0.124510
-0.091553
0.080566
0.313720
0.418700
0.369870
0.305180
0.056152
-0.087891
-0.037842
0.190430
0.340580
0.384520
0.549320
0.659180
0.802000
0.642090
0.333250
0.034180
-0.281980
-0.484620
-0.396730
-0.278320
-0.191650
0.057373
0.091553
-0.084229
-0.017090
0.002441
0.083008
0.054932
-0.042725
-0.155030
-0.190430
0.103760
0.235600
0.113530
0.031738
-0.175780
-0.261230
-0.198970
-0.271000
-0.185550
-0.236820
-0.225830
-0.115970
0.069580
0.212400
0.245360
0.177000
0.111080
-0.050049
-0.162350
-0.079346
0.065918
0.095215
-0.086670
-0.281980
-0.101320
-0.023193
0.206300
0.214840
0.153810
0.202640
0.170900
0.003662
0.000000
-0.025635
-0.185550
-0.390630
-0.539550
-0.379640
-0.256350
-0.317380
-0.264890
-0.150150
0.168460
0.325930
0.375980
0.219730
0.172120
0.059814
0.108640
0.168460
0.367430
0.363770
0.397950
0.448000
0.355220
0.167240
0.059814
-0.018311
-0.047607
0.052490
0.101320
0.002441
-0.069580
0.020752
0.081787
0.126950
0.249020
0.290530
0.281980
0.317380
0.229490
0.010986
-0.061035
-0.025635
-0.162350
-0.142820
-0.057373
-0.195310
-0.155030
-0.009766
-0.012207
0.009766
-0.057373
-0.235600
-0.303960
-0.343020
-0.325930
-0.247800
-0.247800
-0.173340
-0.053711
-0.102540
-0.192870
-0.286870
-0.250240
-0.153810
-0.174560
-0.198970
-0.290530
-0.479740
-0.378420
-0.228270
-0.177000
-0.091553
0.053711
0.078125
0.056152
-0.039063
-0.186770
-0.178220
-0.229490
-0.279540
-0.339360
-0.300290
-0.152590
0.030518
0.123290
0.202640
0.186770
0.151370
0.144040
0.032959
-0.023193
-0.068359
-0.140380
-0.142820
-0.269780
-0.382080
-0.433350
-0.380860
-0.341800
-0.198970
-0.269780
-0.382080
-0.316160
-0.263670
