-0.064697
0.063477
0.161130
0.081787
-0.040283
-0.137940
-0.081787
-0.034180
-0.061035
-0.092773
-0.174560
-0.339360
-0.291750
-0.184330
-0.098877
-0.034180
-0.039063
-0.003662
0.137940
0.441890
0.737300
0.744630
0.384520
0.263670
0.336910
0.689700
0.701900
0.614010
0.649410
0.677490
0.892330
0.946040
0.842290
0.596920
0.244140
0.192870
-0.015869
-0.308840
-0.364990
-0.010986
0.372310
0.517580
0.462650
0.377200
0.399170
0.518800
0.274660
0.020752
-0.031738
-0.118410
0.017090
0.068359
0.145260
0.346680
0.274660
0.068359
-0.076904
-0.076904
-0.051270
-0.073242
-0.118410
-0.111080
0.053711
0.274660
0.224610
0.137940
0.085449
-0.018311
-0.148930
-0.274660
-0.421140
-0.231930
-0.001221
-0.020752
-0.047607
-0.307620
-0.490720
-0.461430
-0.250240
-0.115970
-0.161130
-0.030518
-0.089111
-0.065918
-0.118410
-0.189210
-0.423580
-0.701900
-0.472410
-0.300290
-0.087891
0.258790
0.383300
0.260010
0.163570
-0.037842
-0.180660
-0.360110
-0.354000
-0.141600
0.046387
-0.036621
-0.087891
-0.148930
-0.234380
-0.252690
-0.131840
-0.073242
0.009766
0.057373
0.227050
0.217290
0.056152
-0.002441
-0.101320
-0.303960
-0.279540
-0.111080
-0.073242
-0.124510
-0.029297
0.184330
0.239260
0.137940
0.070801
0.108640
-0.042725
-0.269780
-0.196530
-0.008545
0.196530
0.150150
-0.202640
-0.231930
-0.069580
-0.043945
0.103760
0.103760
-0.108640
-0.201420
-0.394290
-0.321040
-0.150150
-0.059814
-0.080566
-0.006104
0.187990
-0.008545
-0.095215
-0.155030
-0.123290
-0.234380
-0.189210
0.003662
-0.076904
-0.367430
-0.471190
-0.390630
-0.102540
0.214840
0.135500
0.009766
0.035400
0.247800
0.228270
0.289310
0.131840
-0.052490
-0.114750
-0.120850
0.024414
0.029297
-0.015869
0.042725
0.150150
0.108640
-0.007324
-0.006104
0.081787
-0.090332
-0.208740
-0.198970
-0.037842
0.026855
-0.047607
-0.036621
0.089111
0.301510
0.423580
0.386960
0.219730
0.202640
0.153810
0.134280
0.271000
0.291750
0.378420
0.239260
0.037842
-0.081787
-0.202640
-0.175780
-0.045166
0.059814
0.136720
0.271000
0.186770
0.102540
0.093994
0.111080
-0.041504
-0.024414
0.040283
0.083008
0.252690
0.261230
0.269780
0.168460
0.069580
-0.019531
-0.086670
-0.093994
-0.195310
-0.301510
-0.223390
-0.173340
-0.257570
-0.379640
-0.368650
-0.283200
-0.202640
-0.209960
-0.070801
0.064697
-0.064697
0.043945
0.113530
0.106200
0.002441
0.109860
0.184330
0.167240
0.069580
-0.047607
-0.177000
-0.214840
-0.235600
-0.213620
-0.200200
-0.093994
-0.084229
-0.085449
-0.106200
-0.075684
-0.087891
-0.140380
-0.148930
-0.166020
-0.239260
-0.241700
-0.144040
0.031738
0.089111
0.109860
0.238040
0.195310
0.037842
-0.111080
-0.325930
-0.292970
-0.310060
-0.345460
-0.162350
-0.131840
0.013428
0.023193
-0.035400
-0.180660
-0.368650
-0.539550
-0.650630
-0.518800
-0.301510
-0.191650
-0.120850
0.020752
0.129390
0.260010
0.249020
0.196530
-0.079346
-0.093994
-0.064697
0.109860
0.173340
0.203860
0.307620
0.541990
0.485840
0.451660
0.498050
0.439450
0.264890
-0.023193
-0.147710
-0.214840
-0.189210
-0.065918
0.126950
0.126950
0.139160
0.294190
0.325930
0.308840
0.283200
0.301510
0.296630
0.340580
0.463870
0.292970
0.104980
0.025635
-0.013428
-0.059814
-0.307620
-0.285640
-0.241700
0.050049
0.363770
0.394290
0.328370
0.369870
0.183110
-0.015869
0.043945
-0.063477
-0.076904
-0.163570
-0.117190
-0.162350
-0.128170
-0.126950
-0.141600
-0.153810
-0.145260
-0.289310
-0.396730
-0.357670
-0.301510
-0.327150
-0.377200
-0.490720
-0.676270
-0.723880
-0.701900
-0.627440
-0.603030
-0.616460
-0.611570
-0.666500
-0.610350
-0.524900
-0.451660
-0.368650
-0.390630
-0.443120
-0.494380
-0.450440
-0.456540
-0.405270
-0.448000
-0.454100
-0.385740
-0.412600
-0.307620
-0.242920
-0.004883
0.086670
0.010986
-0.068359
-0.046387
0.163570
0.302730
0.177000
0.010986
-0.156250
-0.195310
-0.178220
-0.122070
-0.112300
-0.107420
0.058594
0.030518
0.062256
0.251460
0.477290
0.642090
0.727540
0.854490
0.783690
0.609130
0.546880
0.614010
0.498050
0.411380
0.375980
0.308840
0.258790
0.313720
0.281980
0.217290
0.277100
0.346680
0.386960
0.308840
0.299070
0.340580
0.291750
0.334470
0.150150
0.057373
-0.006104
-0.136720
-0.111080
-0.207520
-0.167240
-0.180660
-0.017090
0.069580
0.125730
0.065918
-0.061035
-0.151370
-0.017090
0.129390
0.097656
0.080566
0.103760
0.083008
0.213620
0.296630
0.401610
0.367430
0.377200
0.391850
0.383300
0.446780
0.393070
0.384520
0.402830
0.357670
0.380860
0.390630
0.480960
0.659180
0.711670
0.778810
1.009500
1.005900
0.780030
0.565190
0.498050
0.570070
0.723880
0.793460
0.701900
0.684810
0.766600
0.993650
1.208500
1.369600
1.335400
1.220700
1.048600
0.960690
0.985110
0.803220
0.595700
0.616460
0.532230
0.551760
0.556640
0.772710
0.804440
0.737300
0.611570
0.389400
0.097656
0.054932
0.093994
0.059814
0.042725
0.120850
0.058594
0.020752
-0.103760
-0.294190
-0.238040
-0.338130
-0.587160
