0.063477
-0.076904
-0.201420
-0.297850
-0.311280
-0.280760
-0.222170
-0.102540
0.046387
0.152590
0.252690
0.322270
0.194090
0.162350
0.172120
0.208740
0.067139
0.039063
0.391850
0.540770
0.423580
0.100100
-0.036621
-0.203860
-0.272220
0.001221
0.220950
0.350340
0.350340
0.478520
0.798340
0.883790
0.755620
0.567630
0.347900
0.288090
0.148930
-0.021973
-0.039063
0.079346
0.083008
0.092773
0.137940
0.209960
0.268550
0.332030
0.240480
0.000000
-0.074463
-0.056152
-0.212400
-0.273440
-0.340580
-0.340580
-0.274660
-0.063477
0.040283
0.004883
0.000000
-0.152590
-0.197750
-0.155030
-0.328370
-0.538330
-0.535890
-0.507810
-0.570070
-0.590820
-0.687260
-0.784910
-0.900880
-1.043700
-1.104700
-1.153600
-1.171900
-1.210900
-1.326900
-1.390400
-1.377000
-1.334200
-1.179200
-1.143800
-1.135300
-1.079100
-1.029100
-0.841060
-0.565190
-0.327150
-0.203860
0.058594
0.241700
0.404050
0.461430
0.454100
0.535890
0.698240
0.700680
0.635990
0.845950
0.886230
0.812990
0.736080
0.683590
0.662840
0.673830
0.583500
0.538330
0.406490
0.340580
0.141600
0.118410
0.085449
0.329590
0.460210
0.444340
0.538330
0.745850
0.855710
1.101100
0.876460
0.623780
0.468750
0.509030
0.568850
0.437010
0.471190
0.461430
0.437010
0.385740
0.363770
0.458980
0.352780
0.325930
0.415040
0.487060
0.289310
0.018311
-0.014648
0.054932
0.035400
-0.101320
-0.163570
-0.030518
0.047607
-0.168460
-0.622560
-0.452880
-0.330810
-0.378420
-0.314940
-0.100100
0.150150
0.336910
0.341800
0.211180
-0.174560
-0.393070
-0.463870
-0.384520
-0.223390
-0.136720
0.090332
0.219730
0.175780
0.191650
-0.003662
-0.173340
-0.289310
-0.541990
-0.505370
-0.106200
0.216060
0.249020
-0.052490
-0.528560
-0.563960
-0.406490
-0.170900
0.035400
0.187990
0.203860
0.151370
0.218510
0.043945
-0.101320
-0.197750
-0.240480
-0.179440
0.026855
0.172120
0.084229
-0.228270
-0.407710
-0.682370
-0.682370
-0.667720
-0.577390
-0.444340
-0.164790
0.130620
0.294190
0.206300
-0.231930
-0.610350
-0.645750
-0.527340
-0.427250
-0.352780
-0.108640
0.136720
0.184330
0.205080
0.001221
-0.247800
-0.277100
-0.084229
0.041504
0.029297
-0.051270
0.101320
0.036621
0.006104
-0.130620
-0.015869
0.053711
0.043945
-0.028076
0.034180
0.098877
-0.006104
-0.183110
-0.358890
-0.230710
0.042725
0.133060
0.108640
0.052490
-0.152590
-0.223390
-0.159910
-0.070801
-0.101320
0.014648
0.222170
0.405270
0.035400
-0.390630
-0.417480
-0.225830
-0.158690
-0.329590
-0.328370
-0.148930
0.106200
0.239260
0.233150
0.284420
0.086670
-0.209960
-0.333250
-0.300290
-0.150150
0.134280
0.174560
-0.003662
-0.023193
-0.053711
-0.070801
0.095215
0.145260
0.019531
0.078125
0.093994
-0.001221
0.161130
0.144040
0.030518
0.025635
0.128170
0.300290
0.524900
0.494380
0.253910
-0.202640
-0.582280
-0.600590
-0.518800
-0.140380
0.120850
0.058594
0.125730
0.086670
0.075684
-0.019531
-0.135500
-0.239260
-0.100100
0.091553
0.186770
0.258790
0.328370
0.224610
0.150150
0.172120
0.156250
-0.198970
-0.509030
-0.471190
-0.344240
-0.271000
-0.184330
-0.115970
-0.062256
-0.024414
0.106200
0.156250
0.124510
0.155030
0.104980
0.179440
0.201420
0.043945
-0.197750
-0.043945
0.341800
0.286870
0.140380
-0.178220
-0.561520
-0.588380
-0.466310
-0.303960
-0.169680
-0.045166
0.106200
0.407710
0.541990
0.067139
-0.169680
-0.104980
-0.059814
-0.101320
-0.072021
-0.090332
0.006104
0.200200
0.399170
0.239260
-0.045166
-0.363770
-0.302730
-0.351560
-0.375980
-0.263670
-0.106200
-0.006104
0.048828
0.042725
0.125730
0.048828
-0.057373
-0.123290
-0.084229
-0.010986
0.172120
0.086670
0.042725
0.009766
-0.070801
0.025635
0.084229
0.108640
0.108640
0.063477
-0.003662
-0.003662
-0.003662
-0.080566
-0.081787
0.001221
0.098877
0.250240
0.238040
0.325930
0.386960
0.366210
0.224610
0.103760
0.103760
0.136720
0.081787
-0.007324
-0.102540
-0.166020
0.017090
0.218510
0.152590
0.074463
0.089111
0.052490
0.153810
0.256350
0.271000
0.103760
0.117190
0.103760
0.136720
0.229490
0.305180
0.336910
0.354000
0.322270
0.335690
0.306400
0.299070
0.148930
0.037842
-0.019531
0.004883
-0.023193
-0.268550
-0.323490
-0.187990
0.015869
0.185550
0.253910
0.366210
0.272220
0.161130
-0.048828
-0.170900
-0.362550
-0.396730
-0.379640
-0.363770
-0.275880
-0.135500
0.135500
0.306400
0.407710
0.434570
0.197750
-0.052490
-0.070801
-0.084229
-0.031738
0.098877
0.229490
0.244140
0.272220
0.388180
0.366210
0.272220
0.183110
0.166020
0.018311
-0.098877
-0.091553
-0.025635
0.003662
0.059814
0.131840
0.169680
0.258790
0.224610
0.104980
0.024414
-0.120850
-0.177000
-0.190430
-0.139160
-0.047607
-0.014648
0.162350
0.181880
0.367430
0.520020
0.599370
0.540770
0.380860
0.317380
0.209960
0.222170
0.266110
0.167240
0.135500
0.235600
0.466310
0.261230
0.123290
0.263670
0.278320
0.306400
0.230710
0.021973
-0.070801
-0.085449
-0.030518
0.047607
0.035400
