-0.272220
-0.211180
-0.036621
0.052490
0.272220
0.461430
0.524900
0.581050
0.402830
0.368650
0.280760
0.249020
0.091553
-0.112300
-0.327150
-0.046387
0.335690
0.550540
0.581050
0.362550
0.251460
0.308840
0.322270
0.469970
0.407710
0.465090
0.516360
0.476070
0.539550
0.610350
0.467530
0.334470
0.224610
0.233150
0.125730
-0.012207
-0.126950
0.098877
0.277100
0.186770
0.069580
0.203860
0.140380
0.118410
0.119630
-0.063477
-0.260010
-0.184330
-0.115970
-0.093994
-0.134280
-0.109860
-0.035400
0.019531
0.230710
0.201420
0.087891
0.048828
0.000000
-0.367430
-0.567630
-0.599370
-0.454100
-0.401610
-0.313720
-0.184330
-0.050049
-0.087891
-0.454100
-0.566410
-0.352780
-0.107420
0.001221
-0.156250
-0.268550
-0.300290
-0.369870
-0.197750
-0.307620
-0.456540
-0.408940
-0.205080
-0.172120
-0.426030
-0.759280
-0.787350
-0.532230
-0.273440
-0.296630
-0.410160
-0.297850
-0.036621
-0.008545
-0.042725
-0.177000
-0.274660
-0.133060
-0.152590
-0.026855
0.181880
0.079346
-0.175780
0.065918
-0.097656
-0.247800
-0.247800
-0.161130
-0.048828
0.163570
0.416260
0.683590
0.380860
0.111080
-0.052490
-0.196530
-0.155030
-0.118410
0.048828
0.213620
0.069580
0.007324
-0.003662
-0.109860
-0.233150
-0.461430
-0.501710
-0.317380
-0.241700
-0.284420
-0.274660
-0.141600
-0.015869
0.168460
0.107420
-0.140380
-0.173340
0.037842
0.180660
0.103760
0.142820
0.019531
-0.189210
-0.053711
-0.141600
-0.089111
-0.096436
-0.100100
-0.144040
-0.306400
-0.285640
-0.059814
0.032959
-0.042725
0.008545
0.017090
0.020752
0.144040
0.097656
0.086670
0.090332
0.202640
0.294190
0.238040
0.202640
0.118410
0.009766
-0.202640
-0.133060
0.002441
0.012207
0.053711
0.158690
0.002441
-0.080566
-0.291750
-0.379640
-0.314940
-0.429690
-0.422360
-0.202640
0.007324
-0.089111
-0.108640
-0.205080
-0.225830
-0.196530
-0.135500
-0.120850
-0.091553
-0.177000
-0.150150
-0.010986
0.013428
-0.096436
-0.115970
0.006104
0.148930
0.238040
-0.037842
-0.189210
-0.046387
0.046387
0.113530
0.092773
0.164790
0.214840
0.040283
0.040283
0.225830
0.285640
0.325930
0.251460
-0.018311
-0.264890
-0.332030
0.091553
0.410160
0.515140
0.498050
0.234380
0.100100
0.202640
0.225830
0.108640
0.002441
-0.075684
-0.092773
-0.090332
-0.020752
0.028076
0.130620
0.163570
0.266110
0.289310
0.144040
0.104980
0.046387
0.087891
0.206300
0.214840
0.217290
0.366210
0.473630
0.372310
0.190430
-0.141600
-0.290530
-0.108640
0.012207
0.191650
0.061035
0.035400
0.128170
0.034180
-0.075684
0.002441
0.012207
-0.012207
0.054932
-0.068359
-0.057373
-0.008545
0.100100
0.291750
0.285640
0.021973
-0.030518
-0.170900
-0.140380
-0.041504
-0.117190
-0.201420
-0.240480
-0.185550
-0.064697
-0.081787
-0.147710
-0.147710
-0.207520
-0.180660
-0.139160
-0.102540
0.028076
0.190430
0.180660
0.177000
0.201420
-0.003662
-0.004883
-0.192870
-0.257570
-0.150150
0.000000
-0.023193
0.045166
0.139160
0.166020
0.250240
0.080566
0.111080
0.085449
0.056152
-0.107420
-0.238040
-0.095215
0.096436
0.163570
0.322270
0.397950
0.292970
0.284420
0.191650
0.161130
-0.019531
-0.109860
-0.015869
0.050049
0.064697
-0.050049
-0.048828
-0.032959
0.069580
0.161130
-0.050049
-0.130620
-0.053711
-0.013428
-0.001221
0.183110
0.351560
0.509030
0.455320
0.415040
0.434570
0.377200
0.340580
0.195310
0.070801
-0.019531
-0.161130
-0.264890
-0.206300
0.030518
0.129390
0.148930
0.191650
0.184330
0.229490
0.157470
0.124510
-0.048828
-0.126950
-0.098877
-0.112300
-0.064697
0.087891
0.078125
0.146480
0.238040
0.393070
0.375980
0.126950
0.058594
0.025635
0.075684
0.061035
0.126950
0.131840
0.068359
0.058594
0.117190
0.211180
0.096436
-0.039063
-0.083008
-0.021973
0.245360
0.213620
0.030518
-0.040283
-0.047607
-0.028076
-0.080566
-0.173340
-0.194090
-0.266110
-0.335690
-0.274660
-0.317380
-0.279540
-0.133060
0.115970
0.358890
0.443120
0.480960
0.390630
0.275880
0.206300
0.096436
-0.122070
-0.190430
-0.139160
-0.014648
0.007324
-0.091553
-0.029297
0.003662
-0.045166
-0.098877
-0.042725
0.035400
-0.013428
0.001221
0.115970
0.206300
0.344240
0.385740
0.363770
0.458980
0.537110
0.484620
0.394290
0.267330
0.261230
0.163570
0.063477
0.123290
-0.015869
0.013428
0.091553
0.247800
0.325930
0.299070
0.223390
0.053711
0.002441
-0.008545
-0.124510
-0.129390
-0.118410
-0.217290
-0.231930
-0.207520
-0.208740
-0.145260
0.072021
0.341800
0.261230
0.155030
0.083008
0.203860
0.189210
0.247800
0.219730
-0.032959
-0.264890
-0.385740
-0.207520
-0.112300
-0.133060
-0.069580
-0.067139
-0.048828
-0.076904
-0.029297
-0.206300
-0.211180
-0.267330
-0.451660
-0.445560
-0.397950
-0.363770
-0.109860
-0.047607
-0.169680
-0.345460
-0.443120
-0.433350
-0.366210
-0.212400
-0.162350
-0.170900
-0.079346
0.051270
0.192870
0.190430
0.126950
-0.037842
-0.081787
-0.118410
-0.010986
-0.036621
-0.104980
-0.104980
-0.096436
-0.012207
0.146480
0.469970
0.476070
0.222170
