0.075684
-0.024414
-0.212400
-0.225830
-0.150150
-0.128170
-0.041504
0.017090
0.161130
0.318600
0.345460
0.267330
0.104980
-0.029297
-0.114750
-0.133060
-0.014648
0.427250
0.576170
0.343020
0.145260
0.328370
0.255130
0.245360
0.241700
0.223390
0.288090
0.334470
0.426030
0.522460
0.660400
0.789790
0.661620
0.316160
0.114750
0.047607
-0.058594
-0.043945
0.100100
0.366210
0.518800
0.639650
0.587160
0.462650
0.196530
0.037842
-0.107420
-0.103760
-0.158690
-0.200200
-0.174560
-0.194090
-0.236820
-0.181880
-0.107420
-0.201420
-0.258790
-0.321040
-0.448000
-0.463870
-0.429690
-0.507810
-0.622560
-0.655520
-0.760500
-0.725100
-0.833740
-0.906980
-0.924070
-0.874020
-0.875240
-0.856930
-0.920410
-1.043700
-1.048600
-1.055900
-1.018100
-0.915530
-0.780030
-0.769040
-0.700680
-0.587160
-0.349120
-0.120850
0.080566
0.194090
0.382080
0.339360
0.223390
0.241700
0.430910
0.339360
0.290530
0.424800
0.557860
0.496830
0.494380
0.502930
0.233150
-0.307620
-0.385740
-0.596920
-0.623780
-0.585940
-0.301510
-0.024414
0.185550
0.389400
0.446780
0.697020
0.782470
0.683590
0.448000
0.380860
0.446780
0.412600
0.252690
0.198970
0.140380
-0.135500
-0.301510
-0.235600
-0.217290
-0.234380
-0.332030
-0.428470
-0.187990
-0.007324
0.241700
0.361330
0.192870
0.163570
-0.014648
-0.184330
-0.212400
-0.109860
-0.115970
-0.029297
-0.086670
-0.209960
-0.272220
-0.252690
-0.432130
-0.483400
-0.593260
-0.572510
-0.292970
0.067139
0.367430
0.504150
0.559080
0.408940
0.435790
0.233150
0.174560
0.343020
0.418700
0.383300
0.299070
0.297850
-0.003662
-0.263670
-0.493160
-0.448000
-0.407710
-0.312500
-0.394290
-0.355220
-0.249020
-0.002441
0.079346
0.107420
0.189210
0.212400
0.174560
0.206300
0.292970
0.173340
0.083008
0.048828
0.072021
-0.183110
-0.567630
-0.478520
-0.261230
0.078125
0.350340
0.568850
0.527340
0.374760
0.161130
-0.145260
-0.220950
-0.146480
-0.103760
0.010986
0.007324
-0.014648
0.256350
0.305180
0.135500
-0.046387
-0.106200
-0.252690
-0.346680
-0.406490
-0.278320
-0.124510
0.031738
0.158690
0.272220
0.148930
0.054932
0.114750
-0.093994
-0.213620
-0.001221
0.216060
0.125730
0.141600
0.008545
-0.206300
-0.285640
-0.206300
0.006104
-0.087891
-0.356450
-0.388180
-0.189210
-0.178220
-0.017090
0.036621
0.139160
0.097656
0.081787
0.112300
-0.029297
-0.073242
-0.139160
-0.377200
-0.371090
-0.219730
-0.098877
-0.096436
-0.202640
-0.198970
0.086670
0.244140
0.335690
0.360110
0.380860
0.236820
0.189210
0.197750
0.101320
-0.115970
-0.130620
0.075684
0.231930
0.046387
-0.070801
0.029297
0.162350
0.189210
0.279540
0.362550
0.563960
0.827640
0.675050
0.252690
0.192870
0.189210
0.262450
0.191650
0.104980
0.009766
0.041504
0.155030
0.084229
-0.002441
0.035400
0.017090
-0.072021
-0.106200
0.139160
0.261230
0.450440
0.561520
0.290530
0.214840
0.242920
0.225830
-0.236820
-0.310060
-0.266110
-0.236820
-0.086670
0.112300
0.225830
0.281980
0.230710
0.070801
-0.069580
-0.184330
-0.347900
-0.372310
-0.426030
-0.319820
-0.206300
-0.003662
0.261230
0.269780
0.069580
0.102540
-0.159910
-0.430910
-0.520020
-0.487060
-0.371090
-0.157470
-0.112300
-0.002441
0.002441
0.013428
0.067139
0.240480
0.311280
0.190430
0.131840
0.053711
-0.122070
-0.222170
-0.366210
-0.457760
-0.465090
-0.435790
-0.295410
-0.092773
0.195310
0.363770
0.295410
-0.104980
-0.311280
-0.242920
-0.170900
-0.183110
-0.091553
-0.097656
0.054932
0.390630
0.555420
0.455320
0.360110
-0.002441
-0.316160
-0.330810
-0.035400
0.128170
-0.084229
-0.054932
0.284420
0.400390
0.465090
0.467530
0.404050
0.102540
-0.106200
-0.222170
-0.192870
-0.122070
-0.107420
-0.152590
-0.227050
-0.135500
-0.008545
0.042725
0.136720
0.178220
0.102540
0.051270
0.102540
0.153810
0.278320
0.275880
0.207520
-0.064697
-0.157470
-0.166020
-0.131840
0.047607
0.172120
0.114750
-0.205080
-0.277100
-0.168460
0.025635
0.083008
0.085449
0.194090
0.341800
0.369870
0.258790
0.170900
-0.114750
-0.274660
-0.352780
-0.256350
-0.295410
-0.175780
-0.012207
0.168460
0.267330
0.257570
0.280760
0.137940
0.091553
-0.003662
-0.198970
-0.312500
-0.351560
-0.334470
-0.302730
-0.292970
-0.233150
-0.001221
0.185550
0.223390
0.311280
0.249020
0.263670
0.166020
0.095215
-0.057373
-0.269780
-0.211180
-0.089111
-0.036621
-0.057373
-0.024414
0.003662
0.035400
0.075684
0.057373
0.058594
0.106200
0.120850
0.045166
-0.037842
0.058594
0.174560
0.153810
0.203860
0.061035
-0.034180
0.046387
-0.002441
-0.141600
-0.242920
-0.202640
-0.261230
-0.125730
-0.203860
-0.307620
-0.313720
-0.135500
-0.053711
-0.087891
-0.164790
-0.101320
-0.017090
0.125730
0.219730
0.375980
0.260010
0.097656
0.034180
0.103760
0.139160
0.010986
-0.076904
-0.042725
-0.104980
-0.158690
-0.086670
0.189210
0.241700
0.159910
0.069580
0.175780
0.196530
0.242920
0.107420
0.112300
0.104980
-0.023193
-0.166020
-0.195310
-0.078125
-0.080566
-0.059814
