-0.164790
-0.051270
0.004883
-0.029297
-0.072021
-0.048828
0.103760
0.120850
0.139160
0.101320
-0.004883
-0.089111
-0.098877
0.080566
0.085449
0.347900
0.667720
0.693360
0.330810
-0.097656
-0.184330
-0.247800
-0.136720
0.093994
0.155030
0.159910
0.234380
0.325930
0.289310
0.272220
0.185550
0.021973
-0.148930
-0.283200
-0.222170
0.025635
0.095215
0.078125
0.281980
0.360110
0.140380
0.083008
0.156250
0.275880
-0.034180
-0.373540
-0.457760
-0.323490
-0.305180
-0.251460
-0.112300
-0.079346
-0.244140
-0.241700
-0.085449
-0.041504
-0.025635
-0.115970
-0.346680
-0.334470
-0.139160
0.025635
0.101320
0.299070
0.415040
0.466310
0.697020
0.617680
0.595700
0.550540
0.334470
0.305180
0.325930
-0.238040
-0.614010
-0.743410
-0.440670
-0.100100
-0.101320
-0.252690
-0.207520
-0.159910
-0.014648
0.008545
-0.029297
0.139160
-0.128170
-0.198970
-0.075684
0.242920
0.299070
0.048828
0.043945
0.084229
-0.084229
0.157470
0.448000
0.523680
0.300290
-0.021973
-0.032959
0.074463
0.139160
-0.074463
-0.290530
-0.238040
-0.096436
0.203860
0.161130
0.113530
0.148930
-0.145260
-0.455320
-0.401610
-0.269780
-0.360110
-0.673830
-0.427250
-0.122070
0.093994
0.179440
0.034180
0.068359
-0.136720
-0.091553
-0.013428
0.053711
0.157470
0.296630
0.300290
0.054932
-0.281980
-0.360110
-0.297850
-0.303960
-0.113530
-0.117190
-0.191650
-0.324710
-0.208740
-0.123290
-0.131840
-0.195310
-0.271000
-0.214840
-0.032959
0.035400
0.036621
0.252690
-0.163570
-0.471190
-0.374760
-0.382080
-0.407710
-0.274660
-0.217290
-0.063477
0.183110
0.374760
0.379640
0.417480
0.194090
-0.297850
-0.460210
-0.405270
-0.117190
0.041504
0.250240
-0.100100
-0.167240
0.113530
0.303960
0.388180
0.290530
0.316160
0.151370
-0.008545
-0.024414
-0.067139
0.019531
-0.029297
-0.101320
-0.222170
-0.368650
-0.286870
-0.230710
-0.026855
0.061035
-0.194090
-0.352780
-0.399170
-0.382080
-0.372310
-0.457760
-0.502930
-0.423580
-0.213620
0.012207
0.244140
0.404050
0.271000
-0.163570
-0.391850
-0.604250
-0.555420
-0.521240
-0.361330
-0.001221
0.335690
0.596920
0.263670
-0.185550
-0.462650
-0.340580
-0.119630
-0.140380
-0.323490
-0.183110
0.119630
0.283200
0.399170
0.415040
0.144040
-0.177000
-0.294190
-0.148930
-0.004883
0.130620
0.275880
0.395510
0.469970
0.386960
0.386960
0.344240
0.380860
0.042725
0.075684
0.043945
-0.148930
-0.191650
-0.273440
-0.300290
-0.035400
0.054932
-0.048828
-0.035400
-0.008545
0.054932
-0.106200
-0.031738
-0.037842
-0.203860
-0.227050
-0.051270
0.059814
0.198970
0.175780
0.213620
-0.170900
-0.286870
-0.042725
0.129390
0.090332
0.029297
-0.065918
0.106200
0.332030
0.288090
0.185550
0.253910
0.258790
0.284420
0.377200
0.358890
0.208740
0.299070
0.323490
0.078125
-0.008545
0.037842
-0.108640
-0.203860
-0.117190
0.012207
0.092773
0.002441
-0.046387
0.072021
0.017090
-0.052490
-0.080566
-0.036621
0.092773
0.267330
0.347900
0.300290
0.300290
0.280760
0.130620
0.093994
0.169680
0.040283
0.119630
0.159910
0.126950
0.114750
0.103760
0.087891
0.220950
0.393070
0.671390
0.794680
0.567630
0.456540
0.284420
0.141600
-0.264890
-0.467530
-0.550540
-0.490720
-0.385740
-0.183110
0.209960
0.389400
0.393070
0.266110
0.123290
0.045166
0.073242
0.029297
0.141600
0.257570
0.233150
0.426030
0.211180
0.150150
0.030518
0.046387
-0.106200
-0.057373
0.073242
0.086670
0.100100
0.134280
0.107420
0.058594
-0.018311
-0.087891
-0.104980
-0.327150
-0.648190
-0.733640
-0.683590
-0.454100
-0.213620
0.195310
0.349120
0.311280
0.351560
0.494380
0.466310
0.256350
0.177000
0.185550
-0.056152
-0.336910
-0.111080
-0.004883
0.078125
0.104980
0.101320
0.053711
-0.053711
-0.159910
-0.264890
-0.234380
-0.040283
0.030518
0.010986
-0.209960
-0.289310
-0.051270
0.124510
0.197750
0.174560
-0.200200
-0.445560
-0.424800
-0.358890
-0.421140
-0.477290
-0.467530
-0.358890
-0.206300
-0.168460
-0.079346
-0.004883
0.037842
-0.085449
-0.084229
-0.183110
-0.137940
-0.239260
-0.228270
-0.284420
-0.128170
0.246580
0.483400
0.412600
0.284420
0.208740
-0.095215
-0.408940
-0.499270
-0.473630
-0.533450
-0.518800
-0.316160
-0.087891
0.065918
0.000000
0.013428
-0.072021
-0.200200
-0.120850
-0.073242
-0.151370
-0.167240
-0.192870
-0.014648
0.172120
0.400390
0.463870
0.240480
-0.051270
-0.220950
-0.175780
-0.145260
-0.284420
-0.223390
-0.135500
-0.092773
0.013428
0.255130
0.452880
0.499270
0.307620
0.189210
0.078125
0.035400
-0.152590
-0.081787
-0.028076
-0.072021
-0.096436
-0.147710
-0.089111
0.037842
0.020752
-0.039063
0.142820
0.197750
0.130620
0.119630
0.168460
0.109860
0.137940
0.227050
0.189210
0.129390
0.108640
0.135500
0.090332
-0.041504
-0.065918
-0.140380
-0.218510
-0.277100
-0.233150
-0.133060
-0.053711
0.048828
0.051270
0.090332
-0.133060
-0.419920
-0.628660
-0.795900
-0.747070
-0.642090
-0.533450
-0.322270
-0.170900
0.004883
0.273440
0.341800
0.302730
0.285640
0.108640
-0.100100
