-0.316160
-0.421140
-0.289310
-0.148930
-0.068359
-0.070801
0.045166
0.151370
0.198970
0.216060
0.229490
0.352780
0.515140
0.241700
0.114750
0.109860
0.345460
0.487060
0.385740
0.333250
0.115970
0.009766
0.026855
0.124510
0.156250
0.262450
0.256350
0.430910
0.560300
0.522460
0.443120
0.178220
0.002441
0.289310
0.374760
0.196530
0.021973
0.072021
0.318600
0.550540
0.604250
0.347900
0.230710
0.300290
0.255130
0.173340
0.079346
-0.092773
-0.223390
-0.214840
-0.015869
-0.177000
-0.172120
-0.152590
-0.101320
0.131840
0.244140
0.057373
-0.261230
-0.250240
-0.454100
-0.357670
-0.317380
-0.041504
0.242920
0.377200
0.367430
0.196530
0.059814
-0.018311
0.091553
0.059814
-0.087891
-0.327150
-0.341800
-0.463870
-0.295410
0.040283
0.281980
0.163570
0.003662
-0.068359
-0.092773
-0.274660
-0.312500
-0.455320
-0.385740
-0.261230
-0.323490
-0.257570
-0.141600
-0.064697
0.115970
0.136720
0.098877
0.043945
-0.008545
-0.164790
-0.302730
-0.700680
-0.784910
-0.574950
-0.448000
-0.384520
-0.288090
-0.145260
0.019531
0.172120
0.137940
0.065918
0.036621
-0.048828
-0.013428
0.019531
-0.012207
-0.194090
-0.245360
-0.219730
-0.177000
-0.090332
-0.130620
-0.312500
-0.386960
-0.214840
-0.081787
-0.104980
-0.384520
-0.485840
-0.240480
0.064697
-0.249020
-0.468750
-0.301510
-0.328370
-0.587160
-0.554200
-0.446780
-0.260010
-0.048828
0.019531
0.092773
0.144040
0.211180
0.065918
0.019531
-0.091553
-0.368650
-0.598140
-0.396730
-0.108640
-0.136720
-0.111080
-0.224610
-0.314940
-0.142820
-0.065918
0.141600
0.266110
0.377200
0.484620
0.269780
0.067139
-0.057373
-0.175780
-0.200200
-0.106200
-0.010986
0.058594
0.252690
0.567630
0.451660
0.067139
-0.236820
-0.349120
-0.384520
-0.496830
-0.479740
-0.446780
-0.229490
0.087891
-0.047607
-0.109860
-0.093994
-0.095215
-0.064697
0.065918
0.318600
0.350340
0.405270
0.461430
0.496830
0.178220
-0.039063
-0.185550
-0.269780
-0.339360
-0.158690
0.240480
0.396730
0.294190
0.267330
0.162350
0.207520
0.211180
0.078125
0.012207
0.021973
0.126950
0.319820
0.339360
0.010986
-0.312500
-0.308840
-0.349120
-0.145260
0.126950
0.247800
0.213620
0.281980
0.366210
0.380860
0.051270
-0.399170
-0.385740
-0.152590
-0.025635
0.037842
0.180660
0.201420
0.241700
0.343020
0.330810
0.169680
-0.113530
-0.361330
-0.367430
-0.085449
0.247800
0.562740
0.787350
0.693360
0.455320
0.175780
-0.014648
0.068359
0.155030
0.395510
0.461430
0.177000
0.043945
0.156250
0.391850
0.382080
0.162350
0.036621
-0.139160
-0.340580
-0.455320
-0.416260
-0.355220
-0.183110
-0.019531
0.207520
0.117190
0.024414
0.093994
0.084229
-0.100100
-0.240480
-0.393070
-0.517580
-0.474850
-0.368650
-0.255130
-0.153810
-0.245360
-0.469970
-0.400390
-0.421140
-0.456540
-0.485840
-0.404050
-0.374760
-0.093994
0.168460
0.098877
-0.090332
-0.258790
-0.364990
-0.501710
-0.600590
-0.445560
-0.162350
0.015869
-0.192870
-0.316160
-0.316160
-0.250240
-0.201420
-0.089111
0.035400
-0.020752
0.031738
0.107420
0.053711
0.079346
0.374760
0.371090
0.374760
0.354000
0.194090
0.207520
0.181880
0.197750
0.362550
0.499270
0.732420
0.738530
0.616460
0.389400
0.136720
-0.030518
-0.069580
-0.220950
-0.117190
-0.043945
0.054932
0.386960
0.764160
1.153600
1.069300
0.844730
0.516360
0.438230
0.391850
0.197750
0.029297
0.026855
0.029297
0.072021
0.252690
0.444340
0.507810
0.637210
0.662840
0.566410
0.516360
0.408940
0.277100
0.106200
0.040283
0.159910
0.418700
0.511470
0.628660
0.627440
0.406490
0.183110
0.047607
-0.032959
-0.246580
-0.299070
-0.070801
0.178220
0.252690
0.091553
0.004883
0.125730
0.246580
0.349120
0.400390
0.509030
0.460210
0.357670
0.262450
0.219730
0.290530
0.296630
0.244140
0.120850
-0.042725
0.131840
0.330810
0.212400
0.093994
0.091553
0.150150
0.189210
0.162350
0.141600
0.091553
0.113530
0.115970
0.107420
0.267330
0.306400
0.407710
0.512700
0.505370
0.498050
0.490720
0.283200
0.091553
0.003662
-0.203860
-0.384520
-0.383300
-0.272220
-0.181880
-0.173340
-0.013428
0.174560
0.334470
0.363770
0.437010
0.480960
0.511470
0.460210
0.416260
0.072021
-0.264890
-0.524900
-0.557860
-0.456540
-0.362550
-0.273440
-0.327150
-0.297850
-0.187990
-0.122070
-0.136720
-0.031738
-0.006104
0.063477
-0.001221
-0.175780
-0.126950
-0.198970
-0.164790
-0.218510
-0.262450
-0.349120
-0.493160
-0.526120
-0.498050
-0.480960
-0.466310
-0.422360
-0.330810
-0.141600
0.008545
0.063477
0.001221
0.045166
-0.019531
-0.078125
-0.093994
-0.174560
-0.041504
-0.015869
0.000000
-0.079346
-0.081787
-0.031738
0.078125
-0.017090
-0.145260
-0.205080
-0.021973
0.123290
0.220950
0.021973
-0.325930
-0.495610
-0.660400
-0.731200
-0.578610
-0.498050
-0.543210
-0.301510
-0.230710
-0.214840
-0.283200
-0.288090
-0.244140
-0.277100
-0.296630
-0.231930
-0.063477
-0.029297
-0.030518
-0.100100
-0.163570
-0.162350
-0.299070
-0.306400
-0.185550
-0.109860
-0.028076
-0.079346
