-0.364990
-0.233150
-0.095215
0.067139
0.041504
0.093994
0.163570
0.214840
0.235600
0.173340
0.053711
0.070801
-0.070801
-0.112300
0.069580
0.445560
0.684810
0.667720
0.284420
-0.086670
-0.213620
-0.111080
-0.070801
-0.056152
-0.139160
-0.111080
0.001221
0.191650
0.335690
0.384520
0.161130
-0.191650
-0.128170
-0.163570
-0.214840
-0.140380
0.017090
0.339360
0.484620
0.394290
0.128170
0.004883
0.137940
0.247800
0.219730
0.118410
-0.040283
-0.126950
-0.164790
-0.125730
-0.159910
-0.371090
-0.246580
-0.419920
-0.358890
-0.212400
-0.095215
-0.023193
0.053711
0.079346
-0.162350
-0.292970
-0.244140
-0.078125
-0.156250
-0.394290
-0.458980
-0.241700
-0.170900
0.031738
-0.106200
-0.413820
-0.329590
-0.384520
-0.407710
-0.269780
-0.175780
-0.079346
0.048828
0.113530
0.296630
0.327150
0.308840
0.288090
-0.067139
-0.360110
-0.147710
-0.162350
-0.065918
-0.036621
-0.335690
-0.295410
-0.037842
-0.057373
0.124510
0.017090
-0.153810
0.037842
0.068359
0.042725
-0.058594
0.086670
0.250240
0.234380
0.263670
0.206300
-0.056152
0.034180
0.030518
-0.073242
-0.207520
-0.123290
0.043945
0.140380
0.186770
0.349120
0.407710
0.441890
0.368650
0.241700
0.135500
-0.013428
-0.151370
-0.208740
-0.164790
-0.225830
-0.175780
0.021973
0.107420
-0.087891
-0.076904
0.003662
0.122070
0.145260
0.209960
0.208740
0.222170
0.222170
0.445560
0.563960
0.412600
0.279540
0.206300
-0.052490
-0.190430
-0.198970
-0.231930
-0.157470
-0.246580
-0.356450
-0.388180
-0.345460
-0.307620
-0.046387
0.067139
0.155030
0.051270
0.048828
-0.012207
-0.043945
-0.109860
-0.115970
-0.061035
-0.020752
0.059814
0.072021
0.246580
0.328370
0.373540
0.247800
0.031738
-0.384520
-0.383300
-0.266110
-0.137940
-0.036621
0.062256
0.192870
0.383300
0.286870
0.166020
0.145260
0.192870
0.090332
0.041504
0.123290
0.051270
0.120850
0.181880
0.039063
-0.191650
-0.471190
-0.648190
-0.645750
-0.395510
-0.338130
-0.181880
-0.131840
0.025635
0.051270
-0.041504
-0.271000
-0.307620
-0.253910
-0.157470
-0.034180
-0.050049
-0.234380
-0.234380
-0.130620
-0.133060
-0.236820
-0.272220
-0.162350
0.001221
-0.045166
-0.018311
-0.037842
0.023193
0.124510
0.155030
-0.062256
-0.289310
-0.278320
-0.146480
-0.018311
0.179440
0.371090
0.423580
0.308840
0.184330
0.324710
0.433350
0.229490
-0.002441
0.040283
0.015869
0.052490
-0.131840
-0.241700
-0.162350
-0.109860
-0.112300
-0.219730
-0.303960
-0.198970
-0.075684
0.135500
0.166020
0.261230
0.156250
0.168460
0.135500
0.104980
0.147710
-0.059814
-0.130620
-0.111080
-0.058594
-0.058594
0.052490
0.034180
0.155030
0.114750
0.075684
0.070801
0.064697
0.095215
0.179440
0.043945
-0.007324
-0.175780
-0.250240
-0.198970
-0.128170
-0.089111
0.032959
0.102540
0.040283
-0.190430
-0.073242
0.021973
-0.113530
-0.091553
-0.266110
-0.269780
-0.186770
-0.249020
-0.405270
-0.543210
-0.593260
-0.495610
-0.301510
-0.222170
-0.117190
0.106200
0.207520
0.101320
0.080566
0.061035
0.150150
0.139160
-0.072021
-0.155030
-0.192870
-0.137940
0.091553
0.041504
0.220950
0.356450
0.518800
0.507810
0.419920
0.343020
0.200200
0.209960
0.384520
0.250240
0.093994
0.157470
0.111080
0.198970
0.427250
0.656740
0.524900
0.117190
-0.168460
-0.377200
-0.424800
-0.269780
-0.037842
0.078125
0.052490
0.314940
0.496830
0.490720
0.444340
0.314940
0.093994
-0.090332
-0.064697
-0.067139
-0.106200
-0.137940
-0.030518
0.002441
0.081787
0.161130
0.157470
0.081787
0.024414
-0.153810
-0.289310
-0.218510
-0.021973
0.073242
0.119630
-0.098877
-0.159910
-0.139160
-0.166020
-0.250240
-0.267330
-0.202640
-0.061035
0.017090
0.004883
0.139160
0.216060
0.078125
0.147710
0.140380
0.102540
0.109860
0.208740
0.300290
0.416260
0.582280
0.609130
0.471190
0.122070
-0.250240
-0.349120
-0.341800
-0.180660
-0.142820
-0.024414
-0.014648
0.075684
0.278320
0.430910
0.324710
0.286870
0.145260
0.078125
0.096436
0.223390
0.128170
-0.024414
-0.134280
-0.076904
0.056152
0.043945
-0.086670
-0.100100
-0.133060
-0.062256
0.052490
0.201420
0.240480
0.192870
0.128170
0.084229
-0.028076
-0.120850
-0.255130
-0.379640
-0.394290
-0.524900
-0.474850
-0.341800
-0.240480
-0.273440
-0.307620
-0.250240
-0.302730
-0.308840
-0.328370
-0.266110
-0.271000
-0.303960
-0.260010
-0.178220
-0.086670
0.195310
0.303960
0.373540
0.466310
0.446780
0.552980
0.521240
0.384520
0.177000
0.256350
0.296630
0.397950
0.382080
0.373540
0.333250
0.264890
0.093994
-0.141600
-0.241700
-0.173340
-0.167240
-0.018311
0.117190
0.322270
0.443120
0.246580
0.023193
-0.147710
-0.140380
-0.371090
-0.408940
-0.258790
-0.096436
-0.035400
-0.069580
-0.129390
-0.057373
0.004883
-0.078125
-0.133060
-0.078125
-0.063477
-0.111080
-0.179440
-0.196530
-0.338130
-0.235600
-0.319820
-0.385740
-0.168460
-0.025635
-0.043945
0.084229
0.184330
0.104980
-0.128170
-0.203860
-0.289310
-0.335690
-0.386960
-0.450440
-0.517580
-0.612790
-0.581050
-0.474850
-0.393070
