0.187524
0.364417
0.132007
0.159626
0.21102
0.180299
0.189435
0.204967
0.112662
0.0312489
0.0763457
-0.0263237
0.0840894
0.073693
0.103534
0.128909
0.185759
0.24009
0.299247
0.148903
0.226408
0.128379
0.165859
0.149277
0.12371
0.195603
0.122672
0.0619468
0.111814
0.0742815
-0.0393662
0.0613536
0.0358599
0.117303
-0.037431
0.0455762
0.0709607
0.0753515
0.198836
0.183703
0.206729
0.165341
0.132523
0.163807
0.208949
0.173356
0.198711
0.138166
0.170859
0.119113
0.0722182
0.0431746
0.0980984
0.106021
0.0676697
0.0588314
0.103574
0.099575
0.0841556
0.0813365
0.0170319
0.0494124
0.178258
0.132106
0.143244
0.156512
0.266767
0.0199628
0.104721
0.0606401
0.202894
-0.0264524
0.0658933
0.0420805
0.143322
0.149554
0.129854
0.153631
0.205616
0.127944
0.18599
0.204692
0.103104
0.148764
0.125356
0.148132
0.0992242
0.030196
0.109885
0.0611232
0.0839465
0.054746
-0.00431834
0.121338
0.187462
0.0665382
0.0263611
0.0658638
0.276786
0.167361
0.283322
0.151991
0.199603
0.227309
0.253186
0.181518
0.207374
0.23151
0.209732
0.11596
0.124605
0.122977
0.0284447
0.0564685
0.102869
0.0299841
0.110675
0.121753
0.134584
0.0971649
0.0823837
0.0931324
0.270887
0.174357
0.128846
0.148574
0.115165
0.206319
0.225599
0.168575
0.168273
0.158892
0.211926
0.189848
0.118234
0.175632
0.0442573
0.163649
0.0848449
0.0652326
0.113077
0.0447221
0.121333
0.15011
0.0682389
0.134678
0.210403
0.143298
0.266557
0.195669
0.152109
0.101218
0.205419
0.149976
0.153471
0.150966
0.201755
0.203703
0.0749051
0.0798398
0.0487643
0.103789
0.038065
0.0957641
0.0604806
0.144681
0.116046
0.0654428
0.0761625
0.0617192
0.179888
0.26096
0.115352
0.149841
0.209633
0.173024
0.151674
0.113223
0.130042
0.300734
0.185894
0.163096
0.105497
0.0450544
0.0890398
0.0884205
0.0426903
0.116345
0.15261
0.0661569
0.0444017
0.0828933
0.00740151
0.0264754
0.0765602
0.0732395
-0.00060574
0.209065
0.0963686
0.179935
0.0891163
0.163512
0.213081
0.190027
0.141183
0.215143
0.185276
0.196898
0.160623
0.125515
0.107746
0.0924369
0.0611448
0.0780755
0.0940505
0.150607
0.152498
0.0503845
0.0122747
0.146136
0.269923
0.21272
0.113232
0.137614
0.00177009
0.143441
0.238868
0.146349
-0.0155735
0.102052
0.0123658
0.147471
0.167266
0.160413
0.0275447
0.0901391
0.121629
0.0107451
0.119676
0.0410943
0.0834094
0.0774415
0.135258
0.131798
0.144706
0.0940256
0.154277
0.196829
0.0490717
0.26551
0.156249
0.130751
0.167721
0.156064
0.0261624
0.103084
0.136124
0.0997926
0.126553
0.108798
0.113411
0.0833042
0.0889676
0.20642
-0.0976642
0.0871983
0.141633
0.159389
0.0426746
0.171277
0.0335256
0.0445056
0.0619245
0.134673
-0.0303164
0.174963
0.204222
0.201189
0.130614
0.0555213
0.133983
0.120563
0.0901028
0.107486
0.0443797
0.108261
0.101792
0.173576
0.0154994
0.138145
0.0759895
0.120246
0.0351172
0.178636
0.12506
0.186661
0.189697
0.104202
0.0870747
0.179175
0.129063
0.16762
0.10747
0.0649005
0.0999441
0.1069
0.123569
0.0802
0.16042
0.0915461
0.171803
0.060687
0.0169934
0.0636983
0.130525
0.201846
0.0480012
0.1004
0.106734
0.156837
0.0286731
0.172216
0.111023
0.113029
0.0921203
0.095974
0.0233022
0.161658
0.116977
0.100546
0.0166665
0.0677517
0.114656
0.0877587
0.0491718
0.1292
0.096578
0.087458
0.190443
0.244629
0.306833
0.138664
0.11829
0.213887
0.116233
0.119527
0.032707
0.190153
0.0596674
0.157866
0.0525238
0.0465459
0.0811874
0.0891663
0.0587908
0.0757854
0.0727705
-0.000571135
0.0213526
0.0508082
-0.0398114
0.123264
0.102183
0.127786
0.0539789
0.141806
0.109185
0.123677
0.109552
0.181454
0.0573365
0.20469
0.0967636
0.0777743
0.0128441
0.105622
0.0935986
0.0531361
0.0301577
0.0854425
0.0428984
0.0186047
0.074323
0.00784069
-0.029225
0.161133
0.109161
0.104019
-0.00998426
0.159775
-0.0302669
0.149931
0.0805296
0.455682
0.116171
0.136232
0.19744
0.139802
0.0887254
-0.0267606
0.0733801
0.0183073
0.0537693
0.0302362
0.0674916
0.0380806
-0.0171447
0.152841
0.140646
0.120202
0.234702
0.0428624
0.109441
0.124117
-0.00051554
0.148477
0.0933662
0.0669798
-0.0181728
0.106404
-0.0109003
0.145059
0.0325689
0.118818
0.085415
0.0391001
0.0239242
0.101409
0.0964943
0.0116633
0.0666709
0.0430926
0.00783265
0.0652636
0.132618
0.0920097
0.0672646
0.0874209
0.165694
0.1875
-0.0682246
0.208627
0.155775
0.142655
0.101381
0.147773
0.0474824
0.0874091
0.0742866
0.0640677
0.103372
0.0581233
0.0604084
0.0434421
-0.0404764
0.0865284
-0.00698584
0.147757
0.3249
0.0992162
0.0939793
0.172091
0.107722
0.15639
0.199256
0.0551036
0.102653
0.139922
0.0606601
0.078927
-0.0154345
0.0192827
0.0159697
0.0422449
0.0496314
0.0754589
0.0596069
0.0564712
0.00528725
0.0760066
0.00273291
0.0342767
0.100453
0.138528
0.165083
0.14311
0.104333
0.177207
0.118841
0.12477
0.158627
0.133582
0.155394
0.161143
0.0115656
0.027087
0.0726
0.012493
0.102607
0.0980031
0.0728628
0.0286804
0.136131
0.0713819
0.00216354
0.068666
0.172074
0.176535
0.1203
0.165839
0.145419
0.16043
0.204679
0.20989
0.0961061
0.130602
0.21305
0.265475
-0.0406182
0.0264835
0.0700974
0.0863909
0.060075
0.0935245
0.121877
0.0842998
0.0248873
0.0382872
0.097803
0.0743081
0.039731
0.0623593
0.196895
0.204302
0.172263
0.0557166
0.115853
0.153214
0.177052
0.146326
0.0749911
0.115402
0.00269983
0.0279272
0.0536303
0.0949094
-0.0537371
0.120949
0.0754582
-0.0159293
0.109918
0.0570067
0.0859067
0.0679427
0.0960835
0.088591
0.215761
0.141161
0.193411
0.137044
0.1833
0.140582
0.215078
0.197082
0.153606
0.0123089
-0.0122129
0.00554219
0.0770067
0.0397555
0.0238994
0.072862
0.0565257
0.0500654
0.13789
-0.0122696
0.120248
-0.0043813
0.208039
0.130553
0.204204
0.133213
0.189008
0.208026
0.143829
0.173613
0.136703
0.109366
0.193505
0.0984287
-0.00425662
0.0414223
0.0962635
0.00767892
-0.0133548
0.116659
0.00789997
0.0549012
0.122178
-0.0876318
0.00726748
-0.0312473
0.152876
0.158019
0.156384
0.153003
0.231485
0.222428
0.0824674
0.156468
0.171659
0.123004
0.192725
0.0759623
0.0228856
0.127328
0.0369639
0.176389
0.0919519
0.00989912
0.0967231
0.0979535
0.0245901
0.0908743
0.127078
0.136672
0.217542
0.0916012
0.109335
0.208469
0.0927033
0.118162
0.0863047
0.140047
0.119574
0.115182
0.138518
0.194677
0.129494
0.0642783
-0.0364096
0.0264656
0.0299779
0.0565057
0.0762466
0.0364862
0.109205
0.0355398
0.159722
0.0521966
0.184761
0.0981507
0.156894
0.108317
0.1451
0.189787
0.0843332
0.093649
0.119059
0.111023
0.08024
0.207808
0.0864722
0.0513264
0.0268551
0.0204047
-0.00465479
0.177571
0.0535178
0.0629194
0.0398777
0.112973
0.126259
0.0833673
0.0892722
0.10702
0.144584
0.283077
0.132387
0.096433
0.145934
0.0789014
0.159672
0.120224
0.140589
0.210676
0.0717874
0.0493585
0.0554741
0.0125684
0.0680216
-0.00911049
-0.0134378
0.0834767
-0.0102195
0.0384757
0.0375537
0.0556057
0.112924
0.229601
0.0493457
0.0858249
0.144812
0.157004
0.167027
0.0899484
0.140057
0.110663
0.163233
0.119878
0.0328697
0.0704558
0.0694808
0.0495362
0.00537905
0.0838753
0.194096
0.0200162
0.0272676
0.0420897
0.0934655
-0.00999179
0.0348461
0.146708
0.142119
0.138863
0.0791773
0.0904747
-0.122897
0.0701205
0.108266
0.0439978
0.156529
0.112813
0.088131
-0.00714005
-0.0221995
0.100405
0.020347
0.0104174
0.0380982
-0.0241263
0.112083
-0.013182
0.137441
-0.0616644
0.12503
0.0831203
0.156181
0.192553
0.114853
0.168199
0.0907738
0.202449
0.151241
0.101143
0.142253
0.116675
0.233081
0.0408925
0.0369163
0.0510697
0.0599758
0.0415792
0.0610272
0.105463
0.070223
0.141877
0.0855443
0.102959
0.102086
0.0660803
0.108484
0.0670932
0.242567
0.102926
0.141628
0.097101
0.159099
0.134877
0.0804872
0.106431
-0.0216017
0.0299785
0.00169161
0.0286828
0.0176291
0.0286982
0.101336
0.0238304
0.0796218
0.0386627
0.0136641
-0.00798042
0.17309
0.0880783
0.131498
0.170747
0.0905782
0.154309
0.13781
0.0813702
0.117672
0.0039384
0.105012
0.150216
0.0585587
-0.00217023
0.0250722
0.0392305
0.0792383
0.0219052
0.0963329
0.0122136
0.0868281
0.0847915
0.115882
-0.0104226
0.109154
0.181714
0.0502782
0.101802
0.153203
0.162595
0.024119
0.110588
0.181131
0.16449
0.108609
0.14355
0.0561509
-0.0209179
0.00424719
0.0433945
0.0328087
0.0304419
0.0494999
0.00394691
0.0731947
0.0327357
0.103277
0.0875262
0.175493
0.0933968
0.142793
0.0518998
0.119415
0.148448
0.0682108
0.0595106
0.0988541
0.102672
0.140967
0.0759438
-0.00716192
0.0279946
-0.0234882
0.00678252
-0.0365732
0.0230972
0.0465286
0.0469038
-0.0873791
-0.0183584
-0.00176754
-0.0340849
0.110646
0.141469
0.214377
0.126759
0.205643
0.0927134
0.0973806
0.130085
0.155393
0.14884
0.127293
0.0663625
0.0489141
0.155367
0.130517
0.134227
0.0310046
0.0303384
0.0187967
0.0325863
-0.0257186
0.0261686
0.102776
0.0204025
0.0444273
0.161229
0.200077
0.14293
0.0833368
0.14677
0.175817
0.112577
0.0756017
0.0980086
0.119413
0.0498639
-0.0265942
0.0598589
0.0699569
0.0846807
-0.00644759
0.0483117
0.0341588
0.0207835
0.0727971
-0.0929277
0.0995801
-0.0442372
0.149658
0.178357
0.22686
0.164897
0.154317
0.0626114
0.163883
0.0787817
0.164577
0.105955
0.176515
0.150081
0.144401
0.0670893
0.121567
0.0960682
0.0624073
-0.00479797
0.135903
0.106916
0.0542567
0.120933
0.152391
0.0107975
0.272626
0.152091
0.155299
0.181134
0.165909
0.0972434
0.142472
0.0933535
0.0898753
0.108721
0.171971
0.0487173
0.0160459
0.0187809
0.021506
-0.017654
-0.0195387
-0.00109496
0.00122232
-0.0218083
0.0488211
0.0798192
-0.0883272
0.0378103
0.17186
0.042867
0.128923
0.116561
0.127187
0.11951
0.136704
0.117395
0.13283
0.0429385
0.11061
0.1358
0.0336022
0.0565275
0.0326406
0.084859
0.0786291
-0.0898569
0.0707677
0.0385771
0.0138134
-0.0180211
0.0281598
0.002556
0.150186
0.0864584
0.107582
0.134581
0.124841
0.0954794
0.133561
0.148935
0.154973
0.130335
0.140495
0.222526
0.0213918
0.028758
0.0027094
0.0197225
-0.108073
0.0357686
0.113472
0.0461986
0.062717
-0.0210706
0.0112078
0.0287104
0.0843182
0.143843
0.0407148
0.0290457
0.115223
0.186722
0.0550403
0.21223
0.157874
0.136395
0.157997
0.178126
-0.0665671
0.0420835
0.0930768
0.0922135
0.07006
0.0815843
0.101099
0.0668503
-0.0329086
-0.0119394
0.080905
0.0321138
0.101024
0.0700983
0.123617
0.0918563
0.0613091
0.159943
0.0498721
0.140201
0.167009
0.0839818
0.131247
0.13956
0.0480428
0.00449188
-0.000336778
0.00775175
-0.00921912
0.0188255
0.0487214
-0.00553517
0.0180529
-0.00478522
0.112237
-0.0908215
0.151749
0.150019
0.199121
0.0721186
0.120743
0.145895
0.114653
-0.0449636
0.192061
0.0261703
0.0367931
0.127692
0.00162095
-0.0846172
0.0563961
-0.0137008
0.0238875
0.0258337
-0.0047858
0.014596
0.154036
-0.0601524
0.106468
0.0083171
0.140946
0.0639131
0.188183
0.162907
0.128271
0.102954
0.167256
0.0843856
0.122161
0.183817
0.127851
0.124108
0.0478876
-0.0572779
-0.00253007
-0.0125866
0.0764738
-0.00498007
0.0108683
-0.0160526
0.0212014
0.0659119
0.0905242
0.0221864
0.0126915
0.0686764
0.11566
0.120046
0.0643548
0.0740899
0.148265
0.123309
0.183623
0.144886
0.147097
0.170911
-0.000891962
0.0300794
0.0575924
0.0963659
0.0461669
-0.050313
0.0062689
0.114786
0.133059
0.035942
0.0455854
0.0144512
0.125852
0.121571
0.114024
0.135479
0.0583153
0.114654
0.112479
0.225298
0.0622033
0.0561082
0.176229
0.121981
0.0106389
-0.0119166
0.0466561
0.0334499
-0.0194589
0.00882029
0.035044
-0.153748
0.0440318
0.0396867
0.0208611
0.0364685
0.159074
0.0846128
0.0712909
0.1023
0.117638
0.0852441
0.0982625
0.0903888
0.110703
0.198933
0.153973
0.0645891
0.0684348
0.0338788
0.0106222
0.0185199
0.0490094
0.0370074
-0.0031606
0.0357343
0.066842
0.129658
0.0634332
0.00264617
0.177092
0.100546
0.0779763
0.133956
0.123792
0.0185781
0.0286366
0.136871
0.110303
0.0729238
0.0638519
0.0943414
0.0879124
0.0275572
0.0496516
-0.0235166
0.101944
0.0944129
0.0804139
-0.0456218
0.01707
0.0777618
0.0801681
0.0836608
0.228429
0.112296
0.111511
0.129935
0.197251
0.0769427
0.13127
0.268227
-0.0257926
0.124533
0.162145
0.0513435
-0.0896908
0.044818
0.142779
0.0424061
0.140669
-0.0102218
0.134186
-0.0185008
0.0855612
0.000266802
0.0722232
0.0526742
0.0887947
-0.0175788
0.0105404
0.0881985
0.129211
0.00568217
0.0535936
0.0844935
0.183105
0.0867293
0.140425
0.0929258
0.108415
-0.0855766
0.02618
-0.0422356
-0.00324583
-0.118824
0.040171
0.00756512
0.114129
-0.00524744
0.0675309
-0.0418123
0.0815607
0.0773364
0.0181844
0.183293
0.128361
0.105665
0.14323
0.04082
0.080786
0.0845512
0.18264
0.113141
-0.000713485
0.00714767
0.00806171
-0.0573352
0.0123004
0.018195
0.00206189
0.0002133
0.0152614
0.050556
0.0333418
-0.0074309
0.0600068
0.039594
0.120023
0.0717023
0.134377
0.108915
0.154913
0.148934
0.168747
0.132708
0.157971
0.109117
0.0235899
-0.0223558
-0.00470291
-0.00816502
0.0780288
0.0742884
-0.0339977
0.0147244
-0.0353593
0.0594927
0.0222697
-0.0352843
0.0559193
0.0507861
0.137096
0.143431
0.119679
0.0552544
0.1446
0.0901276
0.0832164
0.0361215
0.0458647
0.0453563
-0.0112204
0.00673175
0.017177
-0.0285849
0.0559337
-0.030334
0.0637358
-0.0110241
0.0393302
0.0335627
0.116895
0.0199164
0.0845224
0.0766907
0.0187792
0.139007
0.0898546
0.0977231
0.150778
0.106129
0.054021
0.0796508
0.15931
0.0722647
0.0232406
0.0445267
0.0738544
0.179391
0.0640385
0.0213445
0.0378944
0.000913021
0.112119
-0.0106303
-0.0439496
0.0210783
0.112941
0.072814
0.152382
0.0783788
0.116488
0.122948
0.0426008
0.159403
0.109437
0.12952
0.0713892
0.0511812
-0.074431
0.103431
0.0939343
0.0201097
-0.0424203
0.03116
0.0950683
0.0530968
-0.0461247
-0.0286223
0.0687002
0.0318474
0.156611
0.0623556
0.18967
0.130734
0.253687
0.130654
0.127518
0.168837
0.110096
0.0950124
0.13452
0.0862631
0.0444018
0.0929393
0.0842464
0.0670494
0.0986123
0.0397464
0.0498502
0.00531691
0.018278
-0.0215978
0.0508082
-0.0308617
0.107934
0.101149
0.131943
0.133841
0.155008
0.106081
0.0997544
0.0540326
0.0706843
0.0486639
0.117658
0.088582
0.0874294
-0.0220766
0.117426
0.12172
0.115971
0.00789778
0.0193051
0.0413012
-0.00445714
0.02776
0.0241635
-0.043322
-0.00336067
0.0670971
0.0777268
0.162021
0.133669
0.153235
0.187403
0.0686877
0.176629
0.0973878
0.121157
0.0930071
-0.0425806
0.0152983
0.0753325
0.0444104
0.0762833
0.0168051
-0.0403545
0.00919361
0.0781531
0.0290024
-0.0180336
0.00755138
0.116653
0.0613872
0.184266
0.0923967
0.204742
0.0853951
0.152004
0.096444
0.125248
0.0695404
0.161424
0.0997092
0.0709183
0.130099
0.0444073
0.0180736
0.0470957
0.0461284
0.0101276
0.0455274
0.0214572
0.110891
0.00212036
0.0341003
0.171377
0.168975
0.103469
0.146438
0.118157
0.0992444
0.166063
0.101458
0.163358
0.140404
0.119264
0.0780415
0.115659
0.0443185
-0.0267926
0.0414675
0.029362
0.0372656
-0.0226502
-0.00801607
0.0740657
0.0605459
0.0809876
0.0626731
0.152842
0.160062
0.164428
0.0710149
0.150582
0.143301
0.015913
0.111574
0.279622
0.0800751
0.164149
0.0132588
0.0901522
-0.0973497
-0.017217
-0.0255168
0.0409101
0.0607112
0.0209403
-0.000520464
0.0528337
0.0158924
0.017936
0.0136359
-0.0139157
0.0376421
0.0806439
0.0332948
0.118384
0.101269
0.0461677
0.104278
0.11626
0.113452
0.104396
0.0229029
0.0692518
0.0387416
-0.0189601
0.0359316
0.0192437
-0.00987682
0.0469997
0.060766
0.078972
-0.0180553
0.011056
-0.00925672
0.121427
0.12474
0.148385
-0.00962158
0.199556
0.109342
0.137518
0.0719859
0.172315
-0.0360668
0.145817
0.0615742
0.0868705
0.000869054
0.0617322
0.0125314
0.0177758
0.0557512
-0.00640228
0.0157093
0.0740268
0.019487
0.0761827
-0.0176269
0.159682
0.0717077
0.12654
0.0965267
0.0570977
0.119906
0.178112
0.0590792
0.093391
-0.00728947
0.150509
-0.0368649
0.197343
0.127973
0.0168193
-0.0372336
0.071912
-0.043543
0.0305033
0.0286284
0.0325195
-0.0147806
0.0513077
0.0490556
0.0932712
0.0920168
0.116768
0.153243
0.120084
0.0774624
0.204246
0.0471905
0.170514
0.0301342
0.145031
0.0793476
0.0925136
0.00705451
0.0464315
0.0896213
0.0683047
0.0758495
-0.013576
0.0644423
0.0289331
0.0953592
-0.0353557
0.0536155
0.163687
0.0387194
0.11225
0.0865226
0.147979
0.162102
0.122624
0.111182
0.200059
0.0918021
0.130525
0.131081
-0.0824404
0.014487
0.0990853
0.045345
-0.037565
0.0211461
-0.00592006
0.0707837
0.0765143
0.0800406
0.0551661
0.121418
0.120312
0.0758111
0.221069
0.186937
0.198438
0.205899
0.144948
0.229048
0.166756
0.213258
0.121135
0.162902
0.0836306
0.0292341
0.0454423
0.0743827
0.0987092
0.0239785
0.12686
0.0625198
0.00840004
-0.00857955
-0.00334544
0.105568
0.202231
0.151942
0.0875556
0.0905451
0.182016
0.130918
0.191329
0.0964483
0.150264
0.20815
0.11536
0.120751
0.0222336
0.0615543
-0.0288721
0.155867
0.103314
0.0757912
0.0826723
0.06182
0.0627719
0.0306304
0.103053
0.0432144
0.163937
0.221476
0.107972
0.10454
0.178971
0.0634356
0.148147
0.160123
0.256867
0.159256
0.237723
0.100403
0.0499081
0.0378633
-0.0168332
0.081565
0.0909391
0.121843
0.0663449
0.0128321
0.0473041
-0.047828
0.0548317
0.0474952
0.09501
0.129222
0.11846
0.170679
0.163367
0.107314
0.142842
0.101373
0.136938
0.113374
0.107004
0.117853
0.0721858
0.0634855
0.151407
0.148757
0.10997
0.0182158
-0.00195399
-0.0267993
0.016854
-0.0350985
0.150405
0.0200607
0.109234
0.159418
0.137408
0.107539
0.055424
0.103169
0.188697
0.0916646
0.0750524
0.161998
0.18603
0.104589
0.117894
0.0206767
0.0442859
0.0380465
0.102858
-0.0620887
0.0388983
-0.0213243
0.224221
-0.0163601
0.0686899
-0.0418707
0.0757731
0.0538079
0.087475
0.169104
0.145601
0.119218
0.17378
0.0992891
0.189915
0.141265
0.155659
0.15266
0.0343625
0.0652792
-0.0140012
0.0500635
0.0742606
0.0292437
0.0125474
-0.00602646
0.0176887
0.015114
0.0621851
0.0316693
0.17156
0.118637
0.182995
0.0925219
0.163704
0.0861814
0.232349
0.101398
0.164851
0.155845
0.142892
0.125821
0.108298
0.048855
0.0451413
0.0764565
0.0793425
-0.00403205
0.082189
0.0938241
0.0131419
0.0454616
0.0232258
2.34003e-05
0.0753309
0.0826767
0.0449795
0.162133
0.0545851
-0.0113657
0.17032
0.0800049
0.124375
0.167957
0.153481
0.117745
0.00295681
0.0199806
0.0886563
0.011308
0.0466403
0.0269199
0.0373471
0.0378327
0.0107659
-0.0274347
0.0264825
0.00310621
0.232773
0.0598426
0.098536
0.0723527
0.139609
0.100041
0.12577
0.0822265
0.0922021
0.0866078
0.0749863
0.0216594
-0.0349197
0.0138643
0.00743704
0.00195109
0.0727883
0.00593361
-0.0235252
0.0328499
0.00305151
0.00248178
0.0560355
0.115503
0.204051
0.120376
0.0332976
0.153103
0.215097
0.125469
0.126726
0.15371
0.100759
0.0484144
0.0974956
0.0916759
0.0608747
0.0612973
0.0979415
0.0544443
0.0582821
0.045489
0.0949623
-0.0210607
0.0642143
0.0177754
0.00830933
0.0229448
0.16208
0.108054
0.114168
0.100659
0.183932
0.11796
0.135562
0.160862
0.15198
0.0795457
0.119821
-0.0345902
0.0711291
-0.0412451
0.107489
-0.061854
0.0984869
0.0124832
0.0996705
-0.0820006
0.0855544
-0.0138906
0.0223364
0.105365
0.144114
0.0305224
0.05923
0.121612
0.0798104
-0.0557959
0.182164
0.0549455
0.0169947
0.117826
0.0165593
0.007277
0.0572551
0.025684
0.0230492
-0.0352203
0.0620707
-0.0413014
0.0352904
-0.130571
0.116944
-0.108225
0.117992
-0.0051848
0.0857854
-0.00474476
0.127512
0.09287
0.00257458
0.0639906
0.119405
0.0703584
0.137182
0.0746761
0.0695007
0.0889646
0.126969
-0.0407555
0.00478051
0.00212412
0.0708105
-0.0235647
0.0467218
0.0345962
0.0623802
0.0493623
0.070016
-0.0153709
0.185968
0.0930764
0.0968067
0.149176
0.068718
0.11942
0.105648
0.016031
0.062452
0.0678299
0.201901
0.0939077
-0.0014442
0.0288491
0.0632936
0.0847833
0.040381
0.0124037
0.035621
0.0390214
-0.0478793
0.00681081
-0.0620144
0.0975971
0.106351
0.00839734
0.040131
0.151343
0.0876272
0.148026
0.0955002
0.152309
0.111124
0.109025
0.111508
0.0840511
0.0426746
-0.0377121
0.0595989
-0.0296166
0.0758251
0.011852
-0.0560653
0.0134653
0.031568
0.0403801
0.0983528
0.0711323
0.0283226
-0.00199448
0.0872282
0.0824718
0.0823582
-0.0376844
0.0828062
0.183476
0.0272061
0.105979
0.117641
0.123466
-0.0356364
0.0481076
0.0449287
-0.0225994
0.0274274
-0.0423629
0.044591
0.0637527
0.140115
-0.0268464
0.052023
-0.00488087
0.0962917
0.0450032
0.0604475
0.0248204
0.0679649
0.090523
0.0938167
0.0523514
0.371008
-0.00032297
0.110415
0.0997419
0.0799221
-0.00513162
-0.0123392
0.0487374
-0.0620097
0.00541832
0.0933553
0.0116934
0.138938
0.0390874
0.136086
0.0481015
0.111428
0.161375
0.119854
0.0735973
0.0858395
0.0986445
0.111932
0.155883
0.170961
0.0227351
0.091877
0.134688
0.051273
0.0347506
0.0323014
-0.00118559
0.0748357
-0.00517275
0.0946821
0.0851195
0.0361808
0.0482895
0.0649891
-0.00136512
-0.00766612
0.00208796
0.129514
0.145311
0.115969
0.0526889
0.0607254
0.108757
0.0763781
0.113094
0.130269
0.0711465
0.010085
0.147257
-0.0125816
-0.032887
0.0164064
-0.0729101
0.0769272
0.102579
0.105751
0.080754
0.0348284
-0.023975
0.0890959
0.0569474
0.0136303
0.0300955
0.146363
0.144816
0.0443048
0.096923
0.0950319
0.0982368
0.137456
0.0977157
0.0349223
-0.0357132
-0.00832703
0.0172677
0.00525605
0.0302342
-0.013991
0.016645
0.340045
0.0070052
0.0352227
0.00839399
0.134044
0.00683644
0.167675
0.128709
0.127743
0.241607
0.0821282
0.159753
0.0974795
0.0595742
0.105548
0.0587209
-0.109669
0.112947
0.00456986
0.103053
-0.0522336
-0.0521572
-0.0973501
-0.00295987
0.0183814
0.0894047
-0.0634111
-0.015251
0.176086
0.0265871
0.157463
0.137376
0.0125797
0.10479
0.0946929
0.132478
0.094698
0.106264
0.168144
0.143666
0.107329
0.0890918
0.0162424
0.0129869
-0.0111176
0.022802
0.0702382
0.0381692
-0.00423827
0.0466165
0.0490428
0.0166194
0.0704308
0.0281821
0.0815622
0.113406
0.112087
0.0771729
0.0487173
0.123822
0.0631963
0.0955212
0.0805157
0.0839044
0.014094
0.0749051
-0.047674
0.0228695
0.00812004
0.00129217
0.0818458
-0.00181547
0.00855717
0.0288226
-0.00707624
-0.0678781
0.146141
0.0166856
0.149233
-0.0514462
0.167392
0.179935
0.0963815
0.0939667
0.121603
0.112191
0.00376228
0.0688377
0.0203196
-0.0121304
0.114093
-0.0447092
-0.0130763
0.0349481
-0.0144662
-0.00812669
0.0647938
-0.073644
-0.0492544
0.0384647
0.0961277
0.141113
0.107596
0.0930071
0.134847
-0.0317493
0.0796261
-0.0584818
0.0168628
0.129816
0.120441
0.145866
0.0222492
0.0728788
0.0575958
0.0513549
0.0230853
0.0520298
0.144789
0.018547
0.08109
-0.0415838
0.169454
-0.0227304
0.158163
0.115252
0.0989025
0.0147638
0.103699
0.0275359
0.0236241
0.0873528
0.145436
0.102699
0.108954
0.00987417
-0.086428
-0.0526661
0.0243432
0.0156658
0.0192662
-0.0352605
0.0187792
-0.00365788
0.0177558
-0.0180537
0.0906233
-0.036299
0.0618801
0.0791973
0.0627321
0.125495
0.0929261
0.00658084
0.0950239
0.0706738
0.0936262
0.141699
0.113414
0.0415668
-0.0428571
0.0545101
0.0480104
0.0491736
-0.0170081
-0.05334
0.0614734
-0.00718905
-0.0160157
-0.00760929
0.0490938
0.0177652
0.128924
0.0873013
0.113902
-0.0105319
0.144468
0.116954
0.186606
0.0998598
0.113197
0.104589
0.163499
0.0383822
0.0323319
0.0577542
-0.0146636
-0.00759254
-0.0360632
-0.0178982
-0.096384
-0.0119945
-0.0382
-0.00428584
0.0365423
-0.0407091
0.156937
0.123006
0.121569
0.102716
0.0785755
0.120702
0.244853
0.080122
0.133658
0.0966536
0.222004
0.0471579
-0.0305158
0.228478
0.0301532
0.0444017
0.00190625
0.0686732
0.0296096
0.0551403
0.0309715
0.00615009
0.0181131
0.0152236
0.15924
0.203274
0.082413
0.150676
0.133982
0.098583
0.151285
0.169835
0.240676
0.0677563
0.13361
0.0849212
0.0305364
0.0766499
0.0493737
0.0136926
-0.000472832
0.0669214
0.0479912
0.0980923
0.0225574
0.0450078
0.120684
0.0594414
0.142113
0.0490362
0.154162
0.0493279
0.105784
0.152772
0.134482
0.101352
0.121865
0.0893357
0.102209
0.0159365
0.0669234
0.0136764
0.101577
-0.0266616
0.437508
-0.00941737
-0.0306578
0.00425898
-0.00434835
-0.0454476
0.0577214
0.00541106
0.119829
0.162837
0.104589
0.134673
0.109804
0.0365657
0.0684209
0.0706551
0.094475
0.0833012
0.0946102
0.0252307
0.0366021
0.0458178
0.0430372
0.0987781
0.102958
-0.0301337
0.123122
0.0183657
0.0134453
-0.037597
0.0447703
0.0284988
0.0950015
0.0698541
0.15238
0.0835396
0.121228
0.0389902
0.125928
0.0748292
0.0025875
0.0896392
0.122577
-0.028088
-0.11412
0.0793588
-0.0292465
-0.0247958
0.0480282
0.00122036
-0.0284157
-0.00165306
-0.0219673
0.0310024
0.098887
0.119626
0.0341816
0.0437492
0.117471
0.179066
0.0717422
0.102763
0.116563
0.106012
0.171736
0.166817
0.125008
0.0915754
0.0616147
-0.0367402
0.0231159
0.0868641
0.0569088
0.0403599
0.0436611
0.198024
0.0320734
0.0264687
-0.00595197
0.039232
0.123623
0.142486
0.103028
0.144944
0.158294
0.00551648
0.121571
0.100838
0.160275
0.11438
0.119302
0.100699
0.0257372
0.00975345
0.0417625
-0.00749534
0.0251387
-0.0302137
0.029054
-0.0131061
-0.0277146
-0.0133329
-0.013283
0.0508962
0.121728
0.049392
0.143948
0.104422
0.16035
0.0817927
0.152516
0.114018
0.10847
0.0776255
0.0656865
-0.00211154
0.0170216
-0.00941483
0.0578043
-0.0098403
-0.00979182
0.00624165
-0.0246928
-0.0489388
-0.0136048
-0.00949361
0.0229422
-0.0585924
0.0771507
0.0771976
0.114156
0.075969
0.129247
-0.0369564
0.147517
0.0532619
0.153912
0.0767816
0.144154
0.177703
-0.0299113
0.0244361
0.122723
-0.051384
-0.0466494
0.243017
0.029544
0.0843274
0.0667864
0.0151225
-0.0391125
0.0443453
0.1924
0.0139279
0.308797
0.0438101
0.217736
0.0372708
0.0625633
0.148218
0.0949375
0.139874
0.18332
0.0757098
-0.0702841
-0.0199577
0.0348129
-0.0167254
0.00968799
0.0201742
-0.0505663
-0.088208
-0.0818941
0.0234564
0.00689
0.0371968
0.136576
0.148989
0.137718
0.127959
0.0819964
0.0869594
6.46583e-05
0.061837
0.0773593
0.0322561
-0.0353788
0.11884
0.00877062
0.00628115
0.0282529
0.0468544
-0.130064
0.0311747
0.000170814
0.0206812
0.00590884
-0.00236828
-0.170984
-0.0854124
0.0211706
0.0734093
0.167236
0.141464
0.0583438
0.143583
0.123894
0.138935
0.0832841
0.0759724
0.0991261
0.101931
-0.0273547
-0.0967381
-0.0543111
0.0137228
-0.0222855
-0.0711663
-0.0449292
-0.114944
0.0227285
-0.166267
0.00451171
-0.108078
0.029848
0.0576579
0.0310116
0.0417162
0.215955
0.107048
0.0590403
0.11159
0.104589
0.0206415
0.023092
0.00482967
0.0353743
-0.0174936
0.0773658
-0.0328752
0.0018814
-0.0814663
-0.0145438
-0.0611817
-0.00100339
-0.0786867
0.0172819
0.062071
0.0634536
0.181956
0.0838632
0.0961937
0.0712886
0.0962979
0.13745
-0.0210364
0.0190576
0.0669175
0.115649
0.108346
0.0171393
-0.00808262
-0.046274
-0.0153049
0.0109321
0.010689
0.0300535
-0.0494373
0.025204
-0.00352338
0.0327228
-0.0707007
0.161215
0.0652519
-0.017435
0.0769282
0.0572827
0.0539612
0.0714615
0.0617023
0.0445609
0.148013
0.118807
0.131808
0.0865659
0.00215972
0.00512315
0.0429968
-0.0338991
0.0102618
0.160142
0.00897444
0.0396989
0.0495678
0.0355402
0.0048673
0.128651
0.138067
0.103634
0.0600921
0.182315
0.104589
0.0769361
0.0645548
0.148582
0.113507
0.111777
0.0679669
-0.0781019
-0.0445446
0.099878
0.0120445
-0.03603
-0.00141635
0.0100364
-0.0614424
0.0383474
-0.00185033
-0.0416734
0.0177403
0.158768
0.0781783
0.175709
0.101583
0.122103
0.00412685
0.170612
0.115946
0.128186
0.0311874
0.148234
0.0742063
0.0757584
-0.034479
-0.0274745
-0.0469944
0.0125069
-0.0408057
0.0502081
0.0208549
0.0078535
0.0849712
0.0518483
0.067659
0.0850668
0.153761
0.124723
0.110952
0.104088
0.0216807
0.0767943
0.116138
-0.0332137
0.0642386
0.209365
0.126973
0.026996
0.0287613
-0.0974887
0.0508706
-0.00656153
-0.0897071
0.0341007
-0.0478553
0.0267318
0.00207508
0.0660726
-0.000575464
0.105101
0.0533761
0.190695
0.0162054
0.0343429
0.125154
0.122846
0.102366
0.134429
0.0950735
0.175214
0.124312
0.0309336
-0.0626774
0.0131577
0.0348937
0.0161116
-0.0123441
0.00975305
-0.0510545
0.101336
0.0163961
0.00893959
0.0358856
0.0699136
0.106047
0.159095
0.128982
0.0870848
0.109166
0.0989082
0.113511
0.118233
0.0636304
0.054098
0.0468632
-0.034182
-0.02601
-0.0926637
0.00243406
0.0563615
0.0529165
0.0442201
-0.0352736
-0.0417781
0.00132737
0.135565
-0.0213753
0.015888
0.12774
0.101167
0.0384529
0.15136
0.0668415
0.0662792
0.1806
0.105245
0.0882902
0.0616646
0.0584712
-0.0883758
-0.0426046
0.00436689
-0.162043
-0.0192517
-0.0310935
-0.0709062
-0.0146669
-0.0222588
-0.0269404
0.0230908
-0.101971
0.109403
0.0446294
0.0601725
0.0542948
0.102585
0.07497
0.0528301
0.0121795
0.0572174
0.125927
0.151308
0.217858
0.0382817
-0.00315638
-0.0537207
-0.00852532
0.0829337
-0.034055
-0.0241703
-0.0806962
0.0075148
0.0371094
0.072038
-0.0375178
0.0339912
0.0622564
-0.00777049
0.0319579
0.110477
0.0629461
0.123086
0.0275471
0.0564193
0.0401232
0.0811762
0.0312907
0.00815907
0.0471997
-0.0281595
-0.0301934
-0.0735365
-0.0115788
-0.0489552
-0.0167133
-0.128309
-0.113073
-0.0222915
-0.107319
0.0852025
0.104275
0.0442634
-0.0240396
0.0274056
0.0734348
0.0569162
0.119377
0.0977083
0.0111147
-0.0638733
0.0635254
-0.100897
-0.0667275
0.0367129
0.116384
-0.0223469
0.0230901
-0.00403244
0.00740767
-0.0319598
-0.0561308
0.00692256
-0.0814735
0.10675
0.0376421
0.120671
0.131443
0.0551783
0.0918521
0.0708105
0.0254077
0.0282636
0.0971999
0.0797146
0.11897
0.01355
0.0124527
-0.0091577
-0.0272326
0.0685136
-0.0229708
-0.0601475
0.020892
-0.00534586
0.0209419
0.170142
-0.0581383
0.252678
0.0132114
-0.00466249
0.0678013
0.0712201
0.104377
0.114128
0.0693338
0.125671
0.0308412
0.0581513
0.0564474
0.00419525
-0.0203498
0.0111819
-0.00296829
-0.0086838
-0.167796
0.033628
-0.0737365
-0.0505583
-0.045867
0.107716
-0.0799072
0.153052
0.0288682
0.122697
0.0459761
0.113609
0.130208
0.10031
0.143957
0.0615227
0.106802
0.154007
0.0717751
-0.0376958
0.0459823
0.0600334
0.00391875
0.0414544
0.00364027
0.0969402
-0.0122887
-0.0164548
0.0475169
0.0150297
-0.000454951
0.0987437
0.0723701
0.132136
0.0636181
0.0580128
0.100855
0.0413573
0.117714
0.0433369
0.0737124
0.0606639
0.0354432
-0.0973096
-0.0445308
0.008589
0.0483812
0.0254077
0.0098891
-0.00415152
-0.0481288
0.00206817
0.015156
0.064507
-0.0321367
0.14427
0.0528171
0.097343
0.0793304
0.114811
0.137703
0.101597
0.0778547
0.139285
0.170517
0.199232
0.120562
0.0448307
-0.0159117
0.0133875
-0.0232344
-0.0164615
-0.0902038
-0.138166
0.0331028
0.0260321
0.0320165
-0.0809741
0.0791963
0.0884859
0.0893434
0.0139113
0.0607163
0.0514642
0.0736285
0.108663
0.123885
0.157413
0.140779
0.0967434
0.13947
0.0178377
0.105397
0.0443595
0.000982451
-0.0410846
0.00675673
0.0711652
0.0299442
0.0306861
0.068844
-0.0900295
0.0384888
0.133896
0.130987
0.091951
0.12229
0.0653772
0.0665078
0.105813
0.196698
0.13814
0.127001
0.101222
0.140752
0.046083
0.00384501
0.0634535
0.0382133
-0.0341779
0.0652094
0.0229307
0.0323103
0.00692689
-0.0158022
0.0381516
0.0409678
0.123021
0.19793
0.0628312
0.0923314
0.116519
0.0816005
0.0578369
0.227289
0.0479984
0.0181444
0.0801354
0.131349
0.0500009
-0.00436891
0.0123629
-0.0159131
0.0349396
-0.0347568
-0.0101932
-0.00649111
0.022898
-0.00655191
0.0254593
-0.0252291
0.0367837
0.0316792
0.0615947
0.0796744
0.0385218
0.0273684
-0.0784651
0.0357076
0.0791979
0.123448
0.133128
0.0354672
-0.0304095
-0.085484
-0.0106032
-0.079759
0.0111597
-0.0653014
-0.0326441
-0.141859
-0.0720496
-0.0194058
0.0378922
0.00848716
0.075329
0.0746373
0.101386
0.0356193
0.0205342
0.0858799
0.124407
0.0958601
0.00836342
0.0880161
0.10349
0.116028
-0.00807893
0.0216506
-0.0398393
-0.0291593
-0.0232942
-0.0237572
0.002368
-0.0014442
-0.0583323
0.0231374
-0.0588568
-0.00406225
0.0631963
-0.010981
0.0861134
0.147725
0.123934
0.0374665
0.106243
0.133448
0.0732924
0.108394
0.089349
0.0970409
-0.0470538
0.0028467
0.0667113
-0.0351064
0.0261723
0.0263452
-0.0827275
0.0623456
0.0223722
0.0696672
-0.0168615
-0.0883101
0.152112
0.114666
0.0288188
0.0343396
0.130582
0.057028
0.124223
0.16925
0.139921
0.132862
0.000168951
0.0796764
-0.0428231
-0.0744962
-0.0751407
0.00867249
-0.0898506
-0.0680275
-0.0624407
0.0604334
-0.0595259
-0.0614147
-0.118927
-0.009205
0.0226561
0.131068
0.0307517
0.021872
-0.0164174
0.0831001
0.0543587
0.0209554
0.125719
0.0724043
0.0456111
0.105119
0.0297023
0.00841192
-0.00854758
0.00745816
-0.0133263
-0.059588
-0.0447962
-0.0603344
-0.0388332
-0.0602691
-0.0538583
-0.0643942
0.0771807
-0.0436534
0.0491444
0.104589
0.0709137
0.0981979
0.0160888
0.0731805
0.0289176
-0.00969514
0.0885964
0.09834
0.0612829
-0.0181048
-0.166966
0.025496
-0.0270125
0.00435013
-0.0376268
-0.0216889
-0.0445975
-0.0500807
0.0233525
-0.0538494
0.0692403
0.140941
0.0889855
0.124518
0.0215035
0.101353
0.0576362
-0.0459416
0.0283072
0.108825
0.0243786
0.0992765
0.110826
0.0102703
0.00493707
0.0407688
-0.0304294
0.0549179
-0.135816
-0.0859164
-0.071138
-0.0305254
0.0498455
0.00244296
0.0675042
0.00491567
0.115913
0.0308027
0.0588966
0.201499
0.0779739
0.056877
0.0254571
0.0814767
0.085272
0.0228161
-0.040441
-0.0410838
0.00821211
-0.0548752
0.0841183
-0.0812493
0.0318379
-0.0547949
0.00260299
-0.0442411
-0.0392493
-0.102136
-0.00546218
-0.0424203
0.129522
0.0914355
0.0131039
-0.0218448
0.100893
0.00659904
0.0237524
0.0310611
0.0277714
0.0771822
0.0495046
-0.00327765
0.0275738
-0.0396846
0.0171874
-0.00176432
-0.017807
-0.00220585
-0.0628359
-0.0139218
0.0530791
0.0224353
0.172601
0.0777307
0.0706587
0.126966
0.0226065
0.0723024
0.254267
0.108487
0.178169
0.0660238
0.0799603
0.0360295
0.0469822
0.0459771
0.112968
0.0219133
0.0939396
0.107511
-0.00877257
-0.0320165
0.0701434
-0.0217482
-0.00760982
-0.0558191
0.0878943
0.0935048
0.133291
0.0780794
0.043979
-0.0215846
0.0175239
0.0792126
0.0719357
0.089794
0.0520719
0.103211
0.0894596
-0.063007
-0.0662167
0.0319804
-0.00869016
-0.0154158
-0.126901
0.112703
-0.0410402
0.0550881
0.0949161
0.0313204
0.083631
0.0592794
0.0612967
0.0673592
0.130948
0.130665
0.0342466
0.0684294
0.0691167
0.085604
0.0421954
0.0594124
-0.0182568
0.0388258
-0.0466788
-0.0297353
0.000702494
-0.0396732
-0.0377498
0.103313
-0.0988383
0.0147597
-0.0117096
0.0379037
0.113147
0.167107
0.0906105
0.195626
0.17972
0.0805862
0.114118
0.0340911
0.168521
0.0986104
0.0363718
0.114268
-0.0833882
0.0367649
-0.0023002
-0.00307733
-0.0522885
-0.000672676
-0.117472
0.0758034
-0.0130378
0.00416023
-0.0742958
0.0225904
0.0528735
0.145416
0.111435
0.105792
0.0669658
0.0887456
0.0556957
0.091289
0.0866595
0.0160545
0.132085
0.0879578
0.0132277
-0.0498977
-0.0308966
-0.00115569
0.0515985
0.02822
0.154982
-0.0181744
-0.0133562
0.10297
0.022287
-0.0514173
0.0761913
0.0868602
0.0962076
0.147284
0.0709452
0.058873
0.095283
0.150009
0.0814966
0.0924756
0.118844
0.0964476
-0.0455016
-0.113304
-0.0333265
-0.0356582
-0.0358344
-0.0643595
-0.0927112
0.0302821
0.00965538
-0.0088012
-0.00593641
-0.0983453
0.0689773
0.179926
0.0635045
0.100849
0.0606383
0.092192
0.0781052
0.0220454
0.107911
0.083415
0.129651
0.0296865
-0.0139461
-0.0303234
-0.016014
-0.00676404
0.0346687
-0.0904583
0.0404826
-0.00857158
-0.0259766
0.0213637
0.03298
-0.0168396
0.0918459
0.0202008
0.16176
0.0753435
0.1272
0.112625
0.0314818
0.0129753
0.121308
0.0353672
0.145749
0.0886887
-0.0271434
0.105015
0.0260689
0.0890976
0.0442526
0.0250501
0.0122185
-0.0331157
-0.144147
0.132885
0.0277298
0.109467
0.114658
0.0399291
0.07326
0.0779558
0.0558176
0.114808
0.0570681
0.0371731
0.146081
0.0714595
0.108691
0.153574
-0.0849926
0.0395227
-0.0273598
0.00320648
0.00938537
0.0294521
0.0576432
0.0288177
0.0650479
0.0231984
-0.0624441
0.028756
0.290977
0.0939526
0.0709944
0.115883
0.125393
0.0927956
0.113743
0.0886973
0.177346
0.105949
0.108737
0.139899
0.0715474
0.0256264
0.00846823
0.0902713
-0.0286116
0.0250237
0.076794
-0.0614474
0.070363
0.036279
0.132652
0.10933
0.0384165
0.031186
0.0504594
0.0912068
0.0761722
0.147041
0.128529
0.0710676
0.108337
0.135352
0.153945
0.0166945
-0.0358988
-0.0641457
-0.0342952
-0.0160019
0.0324515
0.0543909
0.0538853
-0.0199071
-0.00794053
-0.0415391
0.0426327
-0.0485039
0.14453
0.0602048
0.041427
0.0549658
-0.0306166
0.0809985
0.126007
0.0683555
0.0184588
0.0683502
0.128122
0.0974228
0.0149575
0.0124571
-0.0229664
0.0537561
-0.0848192
0.106614
0.0266983
0.00588698
-0.0211802
-0.102167
0.0258995
0.0491027
0.0616377
0.0290526
-0.00476169
0.0220798
0.102792
0.0899663
0.0888106
0.087763
0.109628
0.0875333
0.160156
0.105066
0.0174388
-0.0449922
-0.00858248
-0.0275834
0.0541306
-0.0826203
0.0638814
-0.0428858
-0.0360819
-0.00707464
0.0351676
-0.114741
0.129957
0.0510024
-0.00345494
-0.00145118
0.0517096
0.0302748
0.161572
0.09014
0.172277
0.0611934
0.130987
0.0955113
0.0861463
-0.0139498
-0.00882939
0.0563343
-0.0223226
-0.00920024
-0.0150366
-0.0156432
0.00825965
0.00508789
0.0116331
-0.0142173
0.103191
0.00958166
-0.0485724
0.0642659
0.102659
-0.0294274
0.0920975
0.111464
0.0310287
0.0486167
0.130336
0.055818
-0.0428121
-0.0311957
-0.0558897
-0.0835501
-0.0902763
0.0710525
-0.0694407
0.00962834
0.0788639
0.068361
0.0834963
0.186589
0.122729
0.0982115
0.0726892
0.108912
0.164004
0.0390319
0.0542886
0.0608537
0.110117
0.0653551
0.164139
0.170542
0.052494
-0.0468708
0.0033352
0.102681
0.0511848
0.0381056
0.0531091
0.0154942
-0.0231107
0.0949043
-0.039085
0.00902484
0.0773301
0.0942352
0.16053
0.108187
0.137662
0.0689386
0.109161
0.0815237
0.129224
0.171098
0.181667
0.0841727
0.0188169
0.0297217
-0.0533208
0.0367707
0.0051367
0.0437273
-0.0665502
0.0498021
-0.0592031
0.0274727
-0.0261435
0.0105581
0.036195
0.0267022
0.0542235
0.0103003
0.102742
0.152851
0.0156315
0.131364
-0.041346
0.0611876
0.0867065
0.0562467
-0.0188193
0.060381
0.0901151
-0.0198179
0.0584319
0.0024147
0.0296846
0.00361038
-0.011528
0.00286403
0.0342941
-0.0865661
0.0722417
0.0777558
0.128665
0.0686354
0.0523052
0.0808465
-0.0264524
0.0771093
0.0757031
0.0598173
0.0547945
0.0756005
0.0460572
0.0461615
0.0798369
-0.0172088
-0.0331898
-0.0044846
-0.0254412
-0.0161579
0.0142288
0.033072
0.0770779
0.0501214
0.0750337
0.0161501
0.0648997
0.0369756
0.123429
0.143378
0.164861
0.130631
0.0460664
0.0307026
0.0763222
0.0941761
-0.0173913
0.0330485
-0.0934699
-0.119009
-0.0574637
-0.0688843
-0.0655001
-0.0455943
-0.0379099
-0.0689445
-0.054069
0.0734893
0.046597
0.035115
0.0541061
0.0364731
0.0702614
0.0524877
0.0618051
0.0556246
-0.00648661
0.0762204
0.0916534
-0.107404
-0.0929377
-0.0346277
0.0265343
0.00794242
0.0484239
-0.0343749
0.0369456
-0.00598709
-0.0114916
0.0643943
-0.0116599
0.00197846
0.0715577
0.0225784
-0.00402444
0.145296
0.00468695
0.096713
0.113937
0.0836397
0.0581303
0.16242
0.017625
0.0456027
-0.0791741
0.0221458
-0.00759256
0.00628472
-0.0430392
-0.0564078
0.0437446
-0.0256277
-0.089417
-0.0216071
-0.0993512
-0.0469874
0.129938
0.0760675
0.0687066
0.0795772
0.0841299
0.0598132
0.0465289
0.0900031
0.0869021
0.0316852
0.0573975
0.0847805
-0.0689313
-0.0846755
0.0742444
-0.0804489
0.0322239
0.0535739
0.07243
-0.0101719
-0.0508905
-0.00840633
-0.0517791
-0.0478127
0.143899
0.0842882
0.0803176
0.0667718
0.0286548
0.04563
0.1063
0.176327
0.153089
0.0227269
0.100829
0.0409948
-0.0186393
0.00891992
-0.0337138
-0.00550533
0.00361264
-0.00843275
-0.0152842
-0.0253858
-0.0398558
0.0261895
-0.00672889
-0.0472789
0.0371862
0.0813324
0.0492646
0.0992061
0.151538
0.0858033
0.0818259
0.0702201
0.0769506
0.0931056
0.112669
0.069261
0.0164294
-0.0228866
-0.0322844
0.015601
-0.0719462
0.052195
0.0544365
-0.016541
-0.0706837
0.0199698
0.0420064
-0.0187806
0.0915011
0.0709372
0.041202
0.102175
0.0496962
0.101155
-0.0175688
0.081
0.111293
0.0676417
0.0998887
0.0208658
-0.0105312
-0.0135891
0.0506787
-0.0623455
-0.00570926
0.0501269
0.0305147
-0.0646304
0.0692197
-0.0555486
-0.0509491
-0.0371385
0.00738263
-0.0447585
0.195935
0.0482393
0.148793
0.0725197
0.0361103
0.0568996
0.0593842
0.0482652
0.162107
0.0190869
-0.0887344
0.00477642
0.0497057
-0.033249
-0.0297834
-0.0128722
-0.0403604
-0.041108
0.450163
-0.0480896
-0.102052
-0.0677454
0.145494
0.0132762
0.0800354
0.0361729
0.018479
0.0106844
0.108248
0.0435194
0.114822
0.0899458
0.158466
0.0410272
-0.00713373
0.0293311
0.306418
-0.00825772
-0.014703
-0.0424689
-0.0486324
0.00949393
0.0189172
-0.012395
0.0569078
0.069258
0.0403206
0.0982099
0.122375
0.112838
0.119899
0.0599155
0.0901911
0.106517
0.247516
0.05986
0.0830238
0.0823452
0.000533751
0.00814804
0.0476323
-0.040862
0.00458261
0.00296478
0.0546119
0.0468552
0.0353098
-0.00370954
-0.0465152
-0.0147608
0.146127
0.0565883
0.0868602
0.0968188
0.11587
0.087721
0.0732862
0.0586891
0.00693719
0.116137
0.0714255
-0.0562277
-0.00684731
-0.042787
-0.0205115
-0.0163258
-0.0289967
-0.0276058
-0.0366112
0.0415252
-0.0278364
0.0244348
0.0565668
-0.0210321
0.0144123
0.0455854
0.0454877
0.0234064
0.147407
0.091098
0.103883
0.100362
0.131096
0.155069
0.0781403
0.133629
0.054109
-0.0264296
0.0163785
-0.0132758
-0.0780926
-0.0653236
-0.0393909
-0.0621234
-0.0324844
-0.0420252
-0.0227377
-0.00857765
0.0387717
0.100249
0.126865
-0.00135574
0.128043
0.0648444
0.0878264
0.0531129
0.11703
0.0644717
0.147553
0.111089
-0.0268294
0.0273518
-0.0116659
0.0357332
-0.00625217
-0.00632544
-0.0719291
-0.0327707
-0.0409506
-0.119448
-0.046273
-0.130891
0.0263084
0.102273
0.121536
0.0758864
0.0904643
-0.0272127
0.0866568
0.0867622
0.0938338
0.0929829
0.123386
0.0267152
0.248872
-0.223268
0.0527838
0.00190171
-0.025817
-0.0149573
-0.0259434
-0.0231274
0.0924886
-0.0484772
-0.0397701
-0.00857678
0.039404
0.0958264
0.0731849
-0.0065615
0.0392269
-0.0367402
0.0928962
0.0651203
-0.0318549
0.0101677
0.0417625
-0.00660931
-0.0423044
-0.0594138
0.0174388
0.0105298
0.00630697
-0.0920866
-0.132492
-0.0139031
0.0300339
-0.101992
0.0519729
-0.0451648
0.0933433
0.124102
0.00453999
0.0575814
0.0104388
0.112465
0.112321
0.151945
0.120219
0.0976401
0.0464103
0.0288682
0.0204586
-0.0340768
-0.0707973
0.0221736
-0.0720126
-0.067007
-0.0399073
-0.0548788
-0.131925
-0.0378855
0.0351454
0.0245547
0.0344989
0.0696969
0.109247
0.117749
0.335546
-0.00935439
0.103409
0.130083
-0.00560329
0.0857352
-0.00112234
0.162681
-0.0701722
0.0510028
0.0443409
0.0322616
0.0338098
0.000476972
0.0386604
-0.019195
0.0298073
0.062909
0.0125815
0.00574992
0.0526113
-0.00838026
0.0524776
0.00671488
-0.0251946
0.0568899
0.100676
0.0507709
0.185772
0.0793902
0.0293283
0.0785052
-0.00670638
0.0144467
0.0340722
0.0321357
0.035414
-0.00951555
-0.0226487
0.0358248
-0.0236196
0.0370965
-0.0138938
0.0604188
-0.0036441
0.0952615
-0.0342371
0.0691786
0.0860753
0.0631187
0.0825322
0.105211
0.164726
-0.0282093
0.145413
-0.041635
-0.0650626
0.00274696
0.0190772
-0.0682504
0.0500764
0.0125636
0.00261014
0.0370309
0.020812
0.0161004
0.00508774
0.0148669
0.169365
0.0900782
0.0106389
0.08821
0.0933112
0.0647387
0.0748169
0.0917064
0.00901181
0.180367
0.0919613
0.0783335
0.0461333
0.0850766
-0.0594582
-0.0485335
-0.0329598
-0.0538201
-0.0211063
0.0145446
0.101956
0.0788395
-0.0383521
0.0124978
0.153905
-0.0170826
0.0237435
0.0628816
0.074046
0.0850668
0.00643395
0.0511978
0.014145
0.0611407
0.094314
0.105841
-0.00610132
0.0293906
0.0324997
0.008947
-0.00122598
-0.0983094
-0.0961248
-0.00728968
-0.0539864
0.0295662
0.0963089
0.120676
0.0287433
0.0328808
0.121301
0.0887197
0.110939
0.0443433
0.0150066
0.0186141
0.0851235
0.00851762
0.0661132
0.0205249
-0.0242275
-0.0337994
0.0360211
-0.0752953
-0.0118644
-0.0388876
-0.0254709
0.0218141
0.015973
0.0191466
-0.0362659
-0.0679327
0.0553974
-0.000571135
0.044213
0.0265134
0.128238
-0.0446156
0.0741211
0.0427619
0.021333
0.0969021
0.130859
0.148487
-0.00277664
-0.0346596
0.037507
-0.0599245
-0.0508969
-0.0602412
-0.0767263
-0.00976357
0.083218
0.00191192
-0.0276901
-0.0749962
0.00427728
0.100713
0.0526901
0.0380532
0.0595199
0.101515
0.00879619
0.0874623
0.00813234
0.129839
0.0700819
-0.0226881
-0.03603
-0.0156844
-0.0598166
-0.113743
-0.0841078
0.0264762
-0.101241
-0.00567556
0.000976149
0.0221705
0.0307646
-0.0156715
0.0640554
0.0792497
0.0591996
0.0285873
0.0684199
0.0707008
0.0516373
0.000479816
0.0914275
0.123302
0.0515201
0.0191886
0.0558402
0.0384854
0.0108426
-0.0195695
-0.000342373
0.0680673
0.0158056
-0.028069
0.0557626
0.052933
0.0506496
0.0720136
0.0998283
0.122146
0.0238945
0.0919824
0.145603
0.191626
0.0704112
0.110162
-0.063581
0.131131
0.0732277
0.166715
0.00195279
0.163694
-0.0852906
0.0545586
0.090452
-0.00719373
0.0886114
-0.0341499
0.025523
0.0401741
0.018653
-0.0545738
0.0819093
0.081906
0.201827
0.0160828
0.00428087
-0.0504442
0.0471951
0.101738
0.123777
0.0584891
0.16695
0.060204
0.0775689
0.123076
0.0113252
0.0713281
0.00277978
0.0752364
-0.0527478
0.0450581
-0.0130908
0.0553824
0.0608735
0.0355875
0.0855454
0.00868522
0.104589
0.109456
0.151016
0.0611317
0.130667
0.170498
0.0446334
0.0888839
0.170802
-0.187213
-0.0146616
0.0129847
0.0286128
-0.00615719
-0.0755675
0.0609531
-0.0669444
-0.0198205
-0.0556256
0.0291376
-0.00617575
-0.0615708
0.0914275
-0.00632171
0.112707
0.148218
0.0254077
0.0605927
0.0730022
0.0740866
0.0798104
0.0514423
0.0316277
0.0158349
-0.014671
-0.0147089
-0.0996411
0.0520315
-0.0291422
-0.0824539
0.028668
-0.0572369
-0.0136231
-0.0938635
-0.0293516
-0.0757048
0.350342
0.0616044
0.114193
-0.0278122
0.0808511
0.141503
0.0489869
0.0157731
0.0812228
0.00262852
0.0531377
-0.00023112
-0.0344975
0.0359857
-0.0127555
-0.00500209
0.0129555
-0.0285679
-0.0674204
-0.0563825
0.00458635
-0.0626118
0.00719396
-0.0308326
0.169942
-0.0642247
0.0636007
0.0477228
0.0624657
-0.0135352
0.0969695
0.223175
-0.0219436
0.0997297
0.0260621
0.0762553
0.0229189
0.0207083
0.0254781
0.0872535
0.00153754
0.0273251
0.0278292
-0.0254989
-0.0644065
-0.0126174
0.0375422
0.0271454
0.0983994
-0.0406368
-0.00908778
-0.00676746
0.0283798
0.108919
0.180136
0.0250223
0.0825388
-0.00463135
0.0449551
0.0334932
-0.0478896
-0.101297
-0.0976869
-0.0280187
-0.0549142
-0.042963
-0.0892311
0.0119351
0.113669
0.111492
0.0233868
-0.0596143
0.117619
0.0197171
0.119678
0.129617
0.056412
0.0479822
0.0919226
0.0133351
0.120786
0.10361
0.139567
0.212255
-0.0142679
0.000222976
0.0534364
-0.0802138
0.0463263
-0.0268886
0.0121517
-0.0599246
0.0228733
0.104501
-0.0329389
0.223078
0.22816
0.0761414
0.0232787
0.147784
0.140121
0.117994
0.0659939
0.113498
0.106571
0.0758987
0.201499
0.0640415
0.0168182
0.000604741
0.00710102
0.0325289
0.0192341
0.0264337
-0.0780177
0.0200066
-0.0446393
0.0594989
0.0152614
0.0330367
0.164863
0.0843145
0.0523075
-0.0099417
-0.00405467
0.000584112
0.0706756
0.0764449
0.12543
0.0608205
0.047261
0.141591
0.0406371
0.0259072
-0.0617055
0.0876355
0.031384
-0.0833045
0.0228639
0.0470804
-0.000228996
0.0675215
0.10511
-0.0277738
-0.076979
0.184328
0.0711057
0.0659595
0.0430267
0.0847086
0.0443409
0.00829536
0.0532683
0.0565198
0.0647986
-0.0808423
0.00816308
-0.0595155
-0.0459391
0.00142352
0.0166317
-0.0367756
-0.122615
0.0100193
0.0896213
0.035212
0.0199463
-0.0619988
0.0924908
0.0943376
0.0549224
0.0675545
0.0359686
0.0961819
0.109496
0.0146725
0.119267
0.100683
0.0718876
0.053117
-0.0312966
-0.0364281
-0.00242419
0.0582456
-0.0281139
-0.0148436
-0.0302389
-0.0505039
-0.00461006
0.0875245
0.0218698
0.00191398
-0.0729455
0.0734925
0.063928
0.0242127
0.0789618
0.0672463
0.0152064
0.044304
0.109547
0.0440342
0.0446056
0.0028575
-0.0182132
-0.0730546
-0.104181
-0.0327023
-0.0695256
-0.0819371
-0.0235152
-0.102688
-0.0281379
0.0214409
-0.0173306
-0.0170549
-0.0181796
0.0450112
0.0409091
0.0139163
0.110863
-0.000646465
0.0164835
-0.0288214
0.0358639
0.135027
0.148959
0.111259
-0.103337
-0.0249133
-0.067175
0.0120656
-0.0449749
0.0534706
-0.00546037
-0.169463
-0.0914303
-0.0636735
0.0242677
-0.102119
-0.127075
0.109966
0.0203089
0.0711652
0.036164
0.0135297
0.0207573
0.0845847
0.0999037
-0.100736
0.120571
0.0107763
-0.0105067
0.00560879
-0.0194384
-0.0438403
-0.00250393
-0.0117789
-0.00728765
-0.0406655
-0.0324107
-0.0355429
0.00189439
0.0154075
0.00767892
0.0543035
0.170845
-0.0261679
-0.0160461
-0.00335945
0.0471617
0.0395109
0.115558
0.086579
0.00248615
0.0678151
0.0280197
0.0311486
0.080327
0.0177739
0.0969332
-0.00691874
0.03619
-0.0491138
0.0136869
0.0295532
-0.0300333
0.0154058
0.00645731
0.0906004
0.0336336
0.0569518
0.0701781
0.024208
0.00668169
0.0291219
-0.0526385
-0.0346573
0.0185459
-0.0172851
-0.0212921
-0.0457864
0.0368924
-0.0349032
0.0279368
0.0504226
0.0074406
0.0198886
-0.0564712
0.0319439
-0.0866156
-0.0408737
0.110063
0.00488603
0.0704384
0.117644
0.0311974
0.0852324
0.0570778
0.00463251
0.0445261
-0.0196577
-0.00231149
0.0100328
0.0154925
0.0258236
0.04589
0.0172721
0.101595
-0.00993815
0.05335
-0.0802059
0.013685
-0.0492878
0.00241769
-0.0742439
0.104589
0.0576309
0.0916367
0.0487158
0.0234653
0.0112475
0.0209271
0.00665222
0.059749
0.0942153
0.0968296
0.0140191
-0.0260444
-0.00458261
-0.0432971
-0.0837466
-0.0753248
-0.0517895
-0.0759204
0.0152035
0.192444
-0.0651621
-0.0858871
-0.147647
0.0727673
0.0974178
0.0846941
0.0514271
0.00148301
0.153859
0.0693089
0.20129
0.0653188
0.0824001
0.0793992
0.0683683
0.0990823
0.00452385
0.00090739
-0.0298919
-0.0417179
-0.0174749
-0.0194032
0.0241506
0.0244491
-0.00962084
-0.0840654
-0.0177351
0.044887
0.0993183
0.0590638
0.0935089
0.0752516
0.119569
-0.0473213
0.0801342
-0.0145489
0.0825946
0.0541675
0.0729049
-0.0628037
-0.00711973
-0.0706898
-0.021998
-0.0196475
0.0517352
-0.0432548
0.225279
0.00566771
0.0522425
0.0102343
0.0713156
0.0760177
-0.0083949
0.0291524
0.0656208
0.0641181
0.0655073
0.0492693
0.0166559
0.0116451
0.0306206
-0.0416826
0.209751
0.0515182
-0.0525122
-0.121914
0.00226944
-0.0384519
-0.00496192
-0.00400945
-0.0272658
0.0107606
-0.0196286
0.0142444
0.0259269
0.0142843
0.0348088
0.0636395
0.078101
-0.0112759
0.0115157
0.0150436
0.0238173
0.0596699
0.122113
0.0532472
0.0727193
-0.0137775
-0.00488956
-0.0603863
-0.0215503
0.137019
0.0377564
0.0051411
0.0456287
0.0497499
-0.0293893
0.0300967
0.00893483
-0.0127243
0.0265437
0.0388973
0.0768676
0.0679821
0.0234223
0.0641134
0.053242
-0.0704179
0.0717826
0.108581
0.10193
0.0352555
-0.03877
0.041052
-0.0184591
-0.119419
-0.00544656
-0.0507292
-0.0334812
-0.025228
0.0166234
-0.0489714
-0.00760394
0.0133124
0.0724714
0.0102412
0.0518473
-0.0379886
0.0644507
0.0737906
0.0604408
0.0580265
0.0232322
0.0242227
0.0175461
0.00904989
-0.0758892
-0.0323565
-0.0183789
-0.0412544
-0.071752
0.00856956
-0.000787959
-0.00243138
-0.0268107
-0.0521776
-0.0605233
0.0714063
0.0746981
0.0538491
0.509553
0.0412546
0.101891
0.0390591
0.120726
0.170231
0.175826
-0.0455666
-0.0790554
-0.0546251
-0.030416
-0.0132568
-0.0296378
-0.038588
0.00653759
0.00880117
-0.0324538
-0.0373994
-0.0311849
-0.0272779
-0.0436051
0.0690295
-0.0520781
0.0333351
0.0538455
-0.00643393
0.063373
-0.0106664
0.0121976
-0.0161995
0.0885141
0.0334814
-0.0159085
-0.0638829
-0.0324352
-0.017947
-0.00264655
-0.0411441
-0.040131
-0.0437123
0.0371285
-0.0796323
0.00184939
-0.083906
0.217974
0.0509978
0.050087
-0.0269372
0.0577193
0.0492433
0.0181233
0.0329285
-0.0456459
-0.0374996
-0.0138705
0.0878985
0.0229189
-0.0586143
-0.00574263
-0.094112
0.029862
0.00349567
-0.0241272
-0.112262
0.0290779
-0.0996295
0.0583223
-0.0413469
-0.0190093
0.254351
0.00991612
-0.0486166
0.0494098
0.0615867
-0.0324143
-0.0383476
0.0552324
0.0468242
0.0139782
0.00380026
0.035172
0.00170038
0.0171789
-0.0812821
-0.0560854
-0.106125
0.0214611
-0.0441413
0.0107674
-0.134454
-0.0308844
-0.0614826
-0.0132623
-0.0418707
0.0233948
0.109164
0.0613329
0.00752014
-0.00169812
0.0236992
-0.0253019
-0.0245057
0.0381373
0.0426706
-0.0170182
-0.0649319
0.0135967
0.207702
-0.0270913
0.0147476
-0.00668882
-0.142632
-0.0233687
-0.0665307
0.0442793
-0.000167048
-0.0447186
0.0280574
-0.0379886
0.0469822
0.0311344
0.00767892
-0.00879766
0.200294
-0.0300823
0.0487528
0.0561323
0.0392091
-0.00219755
-0.0848036
0.00510662
-0.0377676
-0.0409363
0.0165136
-0.0589449
-0.164894
0.0125794
-0.0236974
0.0106507
-0.0425236
-0.0499417
0.0283635
0.0613174
0.153125
0.0555248
0.050939
0.127893
0.0583198
0.110208
0.0623267
0.0527487
0.0434979
0.0792697
-0.064397
0.0092632
-0.0629807
-0.0134827
-0.0638577
0.100011
-0.0478129
-0.00682454
-0.00177245
-0.0541213
0.00736044
-0.0368794
0.0821398
0.278958
-0.00555732
-0.055708
0.104589
0.0531926
0.0389784
0.113105
0.0309862
0.0925333
0.0951157
0.0362344
-0.0216627
-0.0869455
-0.0598217
-0.0346131
-0.0601614
0.0544048
-0.024342
0.0207963
-0.00110765
0.0191379
-0.0466159
-0.0706205
-0.0403239
0.0758121
0.137212
0.0538177
-0.00204621
0.122891
0.0474939
0.0696463
-0.029178
0.0162869
-0.0168544
-0.0112828
0.0219932
0.00484554
0.0492698
-0.0293046
-0.0278445
-0.00829289
-0.056952
0.0339476
0.338793
-0.00866402
-0.0900884
0.0648722
-0.0558972
0.0268387
0.135469
0.106295
0.00388155
0.0218347
0.101196
0.0528325
0.0458252
-0.0143898
0.0652901
-0.00266189
-0.166365
0.0982234
0.0108695
0.00757519
0.0500397
0.0383565
0.0553253
0.0550162
0.0258153
-0.0381885
-0.0126213
0.10292
0.0287152
0.237988
0.0756077
0.0258784
0.171967
0.1497
-0.0484831
0.0815119
-0.00874658
0.0942481
0.0949209
0.111579
-0.0356448
-0.0200829
-0.0527037
0.0512486
-0.0164548
0.0196218
0.0103649
-0.0516484
0.0312301
0.0824683
-0.0441026
0.0581669
0.097207
0.0251772
0.0476761
0.0986146
0.0528706
0.0741311
-0.060064
0.045444
0.0996914
0.123875
0.0496671
0.13359
-0.021895
0.0401139
-0.0424215
0.0996993
0.00318248
0.0786962
-0.0113379
-0.0591183
-0.0281116
0.0254408
-0.0740127
0.147469
0.0812342
0.0576641
0.0108298
0.115145
0.0820147
0.0291057
0.0430273
0.0936781
0.0323014
0.248011
0.0956884
0.0692109
-0.0669615
-0.0478831
-0.0372815
0.00597921
-0.0182705
0.115196
-0.0967915
-0.0665819
-0.0579073
0.154774
0.0632542
0.0479356
0.0369663
0.0680454
-0.116164
-0.002621
0.0178752
0.0724508
0.00505791
-0.0190357
-0.00508429
0.0678247
0.0585341
0.0239992
-0.0130461
-0.00192297
0.0823414
0.0209591
-0.0351033
-0.0317953
0.0223239
0.043521
0.00557311
0.146174
-0.112004
-0.0192811
0.0142427
0.0563825
0.0366015
0.0518453
0.07544
0.0353756
0.0790563
0.0555035
0.0236964
0.0855775
0.0199201
0.101127
-0.0085668
-0.0439813
-0.0316
-0.0347168
-0.0273434
0.0139792
0.0408337
0.114133
-0.067296
-0.0352531
0.0349943
-0.055082
-0.0700807
-0.0166681
0.117105
-0.0296737
0.0821045
0.0174849
-0.0458168
0.0407245
0.0353009
0.0261133
0.0823656
0.0684554
-0.0245786
0.0652144
-0.0264562
0.0940052
-0.0173456
-0.0571305
-0.0684793
-0.062284
-0.0516412
-0.0246012
-0.0649865
-0.047391
-0.0077259
0.075324
0.0651748
0.0911355
0.0493834
0.0228887
0.0182291
0.06088
-0.00330394
0.0616004
-0.0148869
0.0857147
-0.029485
-0.0360812
-0.00698808
0.0212832
-0.125552
-0.091466
0.0533353
0.00387488
-0.0104627
-0.0127024
0.00206323
-0.0402446
-0.0625333
0.0873397
-0.00467353
0.109759
0.053186
0.0692532
-0.0338314
0.0484381
0.0207565
-0.0227434
-0.0082907
0.175442
-0.240347
-0.020106
-0.0421721
-0.0161097
0.012333
0.193209
0.0192455
0.0459032
-0.0713845
0.00528265
-0.0435027
0.00963002
0.0669929
0.0754719
0.0321527
0.0962848
0.0182536
0.165177
0.0506071
0.0558466
-0.0359789
0.0359933
0.0459698
0.0970023
-0.041444
0.0354727
-0.0129947
0.010451
0.00410685
-0.0281004
-0.0628921
-0.0388015
-0.00982431
-0.0268885
0.0847794
-0.022235
0.0519466
0.0665573
0.0674135
0.0904465
-0.0223519
0.090831
-0.0254674
0.0171227
-0.0953259
0.0418414
0.0560765
0.0225293
0.020276
0.00865599
-0.0233699
0.036494
-0.0589569
-0.0807657
0.0333586
-0.00146677
0.0260233
0.00382454
0.0334488
0.0132349
0.0112454
0.0640404
0.0833546
0.0489307
0.0720952
0.0263612
-0.00239548
0.0301938
0.157246
-0.0510925
-0.118189
-0.0152267
-0.0264932
-0.0647004
0.0133687
-0.00071963
-0.0101589
-0.00706903
0.0704976
0.0386255
-0.0505204
-0.0438099
-0.0794333
0.0128414
0.100282
0.0339851
-0.0538536
0.0582709
0.146435
-0.00508547
0.00725195
0.0070948
-0.0243392
0.00922965
-0.0250233
0.0303997
-0.091553
-0.0498868
0.023861
0.00681499
0.00946238
0.0663489
0.018126
-0.112539
-0.0292196
-0.12204
-0.0780434
0.00633437
0.0378367
0.0677945
0.230378
0.0334246
0.0289626
0.0522597
0.153511
0.0932668
-0.0317858
0.0258516
0.0963164
0.0299553
-0.00609909
0.0417038
0.0265058
-0.0179904
-0.00535501
-0.0398225
0.00948542
0.0337223
0.00819321
0.114901
-0.00208202
0.0868436
0.0151121
0.028374
0.172132
0.0859196
0.0226157
0.121337
-0.0622288
0.0524109
0.0761076
0.100393
0.0363913
0.0178981
0.0197466
0.0524494
0.00421597
0.00827317
0.0174387
0.0166338
-0.0374252
0.0112958
0.0348879
0.0442775
-0.04824
0.0476179
-0.0336195
0.0368212
0.0183029
0.0879824
0.0107077
0.0435024
0.0570958
0.164413
-0.0185938
0.042441
-0.0561354
0.0144492
-0.174962
0.0224668
-0.075616
0.0413249
-0.0266417
0.0299735
-0.051255
-0.0525059
0.010623
-0.00847364
0.0364507
0.0733007
0.106169
0.0914936
0.129056
0.0134676
-0.122163
0.11427
0.0662892
0.0586426
-0.0282557
0.0829812
0.110273
0.0526052
0.00899092
0.132664
0.0166552
0.0170546
-0.00698021
0.0862278
-0.0311282
0.0177412
-0.0209651
0.0962356
0.104666
0.0163162
-0.00899112
0.0980402
0.0718651
0.153096
0.0954733
-0.0757735
0.0802213
-0.0101474
-0.0459541
-0.090474
0.127413
0.0712873
-0.0643913
0.0329271
0.10364
-0.000691213
-0.0266567
0.0147866
-0.0558922
0.00235832
-0.0272435
-0.0316826
0.0222478
-0.0221861
-0.119114
0.045365
0.104266
0.0868368
0.0548673
0.0324219
-0.00344904
-0.0388332
0.0201584
0.057582
0.0573032
0.0249911
0.043081
0.0208427
0.142959
0.0198677
0.138255
0.0556657
-0.0917517
-0.0155913
-0.0464
-0.0143868
-0.109776
-0.0453271
0.0959421
0.101133
0.0406869
0.136438
0.130003
-0.00772403
0.0308102
0.0955911
0.0786101
0.0528893
-0.000754247
0.0560795
0.0408117
0.00738192
0.0127236
-0.00505617
0.0384756
-0.0470829
-0.0864177
-0.0613867
-0.0595928
0.00022013
-0.0123967
0.0079933
0.00197109
0.0321748
-0.0211416
0.128974
-0.00297569
0.0343421
0.014693
0.094303
0.0647076
0.0247123
0.0273416
0.177234
-0.0860504
-0.0574123
0.0824094
-0.045898
0.0172597
0.0587318
-0.112813
0.0337659
0.0449102
-0.0491341
-0.0466219
-0.10256
0.0289131
0.151755
-0.0399816
0.00900907
0.0424755
0.0156479
0.09662
0.053256
0.0751512
0.0222945
-0.153011
-0.0646433
0.0555674
0.0875556
-0.00852815
-0.0184491
-0.0104018
0.113956
-0.0796098
0.0600068
0.0292974
0.0938842
-0.0938696
-0.0365114
-0.00690304
0.123091
-0.0427306
0.0634167
-0.0173793
0.132879
0.208432
-0.0148918
-0.0011634
0.000251487
0.110179
0.00390648
-0.107386
-0.0576325
-0.0638561
-0.0429607
-0.0623589
0.0785472
0.0971211
0.0300747
-0.101314
0.0684554
-0.0249582
0.0450487
0.0784919
-0.0259177
0.0184154
0.0350889
-0.0438362
0.188896
0.129869
0.0585582
-0.00068678
0.0090037
-0.0117792
0.0225633
0.0182893
0.0645479
-0.0282377
-0.0233268
-0.0746594
0.0601048
-0.0783603
0.0652572
0.00715245
0.131688
0.128802
0.0575554
0.0335122
0.0295707
0.0576126
0.0375619
0.046597
0.107715
0.0751856
0.0326598
-0.0380786
0.0659924
0.0690554
0.0663144
-0.0195093
-0.054469
-0.0378541
0.10239
0.000476558
-0.0275528
-0.0291305
-0.029715
0.00817182
0.129007
-0.170859
0.140782
0.0930527
0.0444208
0.105145
0.0770695
0.00240379
0.0651615
0.0602279
0.0408626
-0.0251092
0.0341759
-0.0134717
0.0540187
-0.087204
0.00398585
0.0363644
0.0222462
-0.0656782
-0.0300261
-0.0493724
0.0444794
-0.0170598
-0.00987578
0.0663156
0.0519455
0.0223614
0.00455331
0.0232417
0.046353
0.0166739
0.0450661
0.0387717
0.0548358
0.108264
0.170966
0.13407
-0.0305073
0.000561776
0.0283991
0.0131669
-0.0860937
-0.0723456
0.0225014
-0.0299113
-0.0115994
-0.0407928
0.00503437
0.00635825
-0.00399714
0.0248777
0.019997
0.0807929
-0.0338583
0.0437879
-0.0736242
-0.000430749
-0.0734809
0.035608
0.0506645
0.0214921
0.0796942
-0.0325324
-0.0169096
-0.0196322
-0.0179138
-0.0255661
-0.136148
0.0810732
-0.0220105
0.0149508
0.048386
0.0487691
0.0466324
0.0646108
0.084007
0.115543
0.0204396
0.0666781
0.0641822
0.0117912
0.0831797
0.0196033
0.0668745
0.0461731
0.101679
-0.0805136
-0.0386486
-0.0149464
-0.0155883
0.0515185
-0.0156673
0.0115814
-0.0193656
-0.0258748
0.00183629
-0.00077979
0.0657718
0.0977852
0.0837163
0.136026
0.0433193
0.010289
0.043535
0.0264894
0.00554157
0.0167293
0.0592521
0.0879459
0.068733
0.126085
-0.0605165
0.174353
-0.0692567
-0.10249
-0.143675
-0.0812917
-0.0214219
-0.0244595
-0.117125
-0.0283481
-0.0776919
0.0408497
0.020853
0.0844376
-0.0390992
-0.0471236
-0.273268
0.0190709
0.0111506
0.0846961
-0.00870004
0.109771
0.00272293
-0.0983406
0.0448332
-0.0489998
-0.0475107
0.021532
0.0026915
-0.088594
-0.100776
-0.0630822
-0.0261131
-0.0209651
-0.083885
0.0664564
0.00666487
0.024268
0.0192908
-0.0174054
-0.0318137
0.0610558
-0.0158122
0.0475998
0.0149427
-0.0392062
-0.0583902
-0.0189452
0.00452667
-0.0735308
-0.033492
-0.0894227
-0.05709
-0.0421205
-0.123773
-0.0208843
-0.121396
-0.107973
-0.109387
0.00988348
-0.0515885
0.0139504
-0.00408987
0.0571389
-0.0035932
0.162486
-0.0539147
0.0139983
0.000663882
0.0134797
0.0135028
-0.0325541
-0.020309
-0.1252
-0.00467942
-0.0574536
-0.0325072
-0.00485479
-0.0173131
-0.0492723
-0.113368
-0.0797794
0.00527544
0.0764204
0.0563138
0.0668004
0.00855133
0.00782742
0.00520434
0.0162618
0.0764534
0.0840174
-0.0618692
0.105686
-0.0638492
0.00504388
0.103084
0.0372446
-0.0159651
0.0524167
0.0191668
-0.0400868
-0.0344075
0.023689
0.0226391
0.0469401
-0.0556029
0.00245851
0.109943
0.0574189
0.035508
-0.0445892
0.0296389
-0.0396343
0.110676
0.0610284
0.188362
0.110734
0.109287
0.300958
-0.0060978
-0.0119935
0.159815
-0.0221481
-0.0270261
0.028341
-0.0732887
-0.053205
-0.0211278
-0.00309151
-0.00989737
0.122238
0.0555072
0.0886112
0.097434
0.0944394
0.018029
-0.0235898
0.0438431
0.0475334
0.17904
0.0891548
0.0843209
0.00425734
0.0632769
0.0117763
-0.0135686
-0.0275391
0.00388488
-0.0317597
0.0702304
-0.0286731
0.0421321
0.0475729
-0.0718348
-0.00439163
0.106321
0.187066
0.163768
0.0181857
0.109271
0.0464696
-0.00863452
0.0589235
0.0323014
0.0311355
0.0630849
0.0406359
-0.0499331
0.0169669
0.0229609
0.0567872
-0.0340565
-0.00638675
0.162543
-0.0131958
0.0392897
0.0178222
0.0110366
-0.0571948
-0.0194419
0.0379108
0.105221
-0.0418249
0.0670425
0.0348329
-0.0334734
0.0464098
-0.0894725
0.0421308
0.106978
0.0473609
0.0827828
0.0425582
-0.0749833
-0.0681943
-0.029992
-0.0284174
-0.0213345
0.275448
0.0157189
0.00508303
0.00323475
0.0735968
0.0382489
0.043764
0.0287103
-0.0671075
0.0179217
0.0604465
0.0524196
-0.0211021
-0.0064796
0.000569894
0.0639891
-0.0172124
-0.00941536
-0.0581854
-0.0222389
0.0274894
-0.0165342
-0.0396031
-0.00710305
-0.00693434
-0.106538
0.0544254
-0.00868398
0.151828
0.0496435
0.010649
0.14417
0.148712
0.069207
0.0545844
-0.00885192
0.0173012
0.00265898
0.033495
-0.0749813
-0.019871
0.116171
0.0226415
0.00139715
-0.0243898
-0.0223341
-0.0769449
-0.0207693
