-0.018311
-0.036621
0.070801
-0.004883
-0.256350
-0.256350
-0.285640
-0.106200
-0.046387
0.004883
0.125730
0.061035
0.151370
0.222170
0.397950
0.438230
0.369870
0.445560
0.463870
0.340580
0.191650
0.097656
0.297850
0.428470
0.444340
0.488280
0.458980
0.561520
0.637210
0.604250
0.638430
0.438230
0.239260
0.198970
0.083008
-0.081787
-0.040283
0.115970
0.275880
0.444340
0.358890
0.195310
0.399170
0.389400
0.152590
-0.058594
-0.288090
-0.281980
-0.300290
-0.268550
-0.295410
-0.255130
-0.128170
-0.119630
-0.162350
-0.190430
-0.063477
-0.047607
-0.061035
-0.167240
-0.301510
-0.251460
-0.263670
-0.194090
0.001221
0.076904
0.130620
0.101320
0.012207
-0.112300
-0.101320
-0.090332
-0.156250
-0.280760
-0.485840
-0.588380
-0.522460
-0.231930
-0.072021
-0.364990
-0.662840
-0.584720
-0.186770
0.003662
-0.161130
-0.273440
-0.231930
-0.548100
-0.742190
-0.594480
-0.361330
-0.273440
0.042725
0.523680
0.605470
0.413820
-0.156250
-0.238040
-0.300290
-0.391850
-0.517580
-0.539550
-0.455320
-0.195310
0.059814
0.114750
-0.045166
0.061035
0.053711
0.076904
0.119630
-0.021973
0.083008
0.295410
0.124510
0.128170
0.025635
-0.289310
-0.279540
-0.113530
0.271000
0.633540
0.675050
0.528560
0.578610
0.573730
0.485840
0.334470
0.104980
0.070801
0.108640
0.242920
0.327150
0.301510
-0.062256
-0.263670
-0.028076
0.200200
0.424800
0.423580
0.146480
0.198970
0.225830
0.262450
0.093994
0.089111
0.164790
0.181880
-0.142820
-0.375980
-0.233150
0.090332
-0.054932
-0.330810
-0.191650
-0.109860
-0.043945
0.039063
-0.050049
-0.026855
0.067139
0.133060
0.059814
-0.426030
-0.649410
-0.577390
-0.373540
-0.322270
-0.385740
-0.397950
-0.228270
-0.064697
-0.059814
-0.211180
-0.109860
-0.014648
0.013428
0.104980
0.334470
0.050049
-0.292970
-0.338130
-0.296630
-0.284420
-0.219730
-0.258790
-0.251460
-0.302730
-0.117190
0.065918
0.128170
0.114750
-0.067139
-0.485840
-0.589600
-0.584720
-0.399170
-0.181880
0.007324
0.104980
-0.075684
-0.129390
-0.083008
-0.034180
0.070801
0.042725
0.045166
-0.046387
-0.047607
0.056152
0.076904
0.183110
0.163570
0.062256
0.078125
-0.086670
-0.271000
-0.236820
-0.257570
-0.301510
-0.260010
-0.114750
0.063477
-0.009766
-0.186770
-0.253910
-0.028076
0.026855
0.004883
-0.025635
-0.052490
-0.058594
0.200200
0.374760
0.334470
0.390630
0.283200
-0.002441
-0.189210
-0.126950
-0.114750
-0.008545
0.064697
-0.012207
-0.131840
-0.107420
-0.025635
-0.012207
0.015869
0.092773
0.118410
0.131840
0.006104
0.085449
0.162350
0.277100
0.441890
-0.028076
-0.551760
-0.581050
-0.419920
-0.168460
-0.067139
0.150150
0.203860
0.230710
0.341800
0.290530
0.275880
0.172120
-0.140380
-0.552980
-0.610350
-0.347900
0.000000
0.141600
0.131840
0.115970
0.319820
0.313720
0.216060
0.134280
0.085449
0.006104
-0.271000
-0.194090
-0.089111
-0.098877
0.173340
0.427250
0.493160
0.224610
-0.034180
0.017090
0.123290
0.255130
0.275880
0.325930
0.617680
0.729980
0.715330
0.688480
0.439450
0.234380
0.004883
0.010986
0.023193
0.281980
0.410160
0.439450
0.595700
0.710450
0.319820
0.045166
0.008545
-0.083008
-0.089111
0.035400
0.263670
0.362550
0.380860
0.195310
0.166020
0.126950
0.187990
0.117190
0.029297
0.107420
0.007324
-0.052490
-0.047607
-0.075684
0.045166
0.258790
0.328370
0.220950
0.084229
-0.095215
-0.223390
-0.169680
-0.184330
-0.222170
-0.235600
-0.174560
-0.007324
0.240480
0.267330
0.106200
0.218510
0.308840
0.346680
0.290530
0.026855
-0.043945
-0.001221
0.050049
0.069580
0.135500
0.000000
-0.119630
-0.205080
-0.098877
0.013428
0.079346
0.073242
0.015869
0.024414
0.079346
0.246580
0.362550
0.345460
0.198970
0.065918
0.059814
-0.013428
-0.229490
-0.118410
-0.106200
0.002441
-0.053711
-0.168460
-0.174560
-0.124510
-0.134280
-0.134280
-0.144040
0.073242
-0.017090
-0.123290
-0.068359
0.041504
0.030518
-0.025635
-0.053711
-0.100100
-0.056152
0.183110
0.286870
0.167240
0.073242
-0.056152
-0.205080
-0.317380
-0.325930
-0.429690
-0.395510
-0.352780
-0.209960
0.003662
0.283200
0.295410
0.311280
0.021973
-0.012207
-0.123290
-0.162350
-0.178220
-0.230710
-0.120850
-0.015869
0.150150
0.205080
0.111080
-0.024414
-0.036621
-0.083008
-0.155030
-0.118410
0.026855
0.054932
-0.046387
0.086670
0.308840
0.339360
0.432130
0.483400
0.255130
-0.089111
-0.228270
-0.249020
-0.312500
-0.461430
-0.584720
-0.620120
-0.585940
-0.410160
-0.141600
0.112300
0.413820
0.511470
0.117190
-0.233150
-0.286870
-0.263670
-0.361330
-0.369870
-0.197750
-0.031738
0.050049
0.061035
-0.026855
-0.019531
-0.037842
-0.119630
-0.317380
-0.369870
-0.228270
-0.130620
-0.063477
0.061035
0.148930
-0.028076
-0.103760
0.062256
0.080566
-0.247800
-0.462650
-0.505370
-0.417480
-0.382080
-0.263670
-0.227050
-0.155030
-0.139160
-0.163570
0.098877
0.128170
-0.095215
-0.327150
-0.476070
-0.618900
-0.677490
-0.725100
-0.804440
-0.764160
-0.668950
-0.484620
-0.476070
-0.426030
-0.317380
