0.382080
0.354000
0.256350
0.140380
0.046387
0.102540
0.111080
0.020752
0.034180
0.006104
-0.057373
0.013428
0.261230
0.322270
0.206300
-0.185550
-0.216060
-0.003662
0.277100
0.478520
0.234380
0.100100
0.083008
0.091553
0.147710
0.129390
0.092773
0.164790
0.096436
-0.046387
-0.037842
0.150150
-0.142820
-0.405270
-0.373540
-0.235600
-0.255130
-0.118410
-0.056152
0.046387
0.159910
0.036621
-0.042725
-0.114750
-0.161130
-0.058594
0.039063
0.122070
0.175780
-0.101320
-0.288090
-0.205080
-0.089111
-0.244140
-0.391850
-0.240480
-0.174560
-0.151370
-0.145260
-0.163570
-0.102540
-0.072021
-0.051270
-0.162350
-0.124510
-0.065918
-0.092773
-0.189210
-0.211180
-0.300290
-0.493160
-0.633540
-0.560300
-0.372310
-0.312500
-0.332030
-0.286870
-0.184330
-0.234380
-0.142820
0.054932
-0.225830
-0.372310
-0.244140
-0.108640
0.039063
-0.074463
-0.220950
-0.444340
-0.258790
-0.091553
-0.290530
-0.500490
-0.642090
-0.267330
0.021973
-0.086670
-0.169680
-0.234380
-0.321040
-0.271000
-0.220950
-0.200200
-0.024414
-0.028076
0.001221
0.224610
0.360110
0.457760
0.642090
0.832520
0.802000
0.632320
0.379640
0.410160
0.461430
0.322270
0.262450
0.180660
-0.114750
-0.124510
-0.054932
0.172120
0.241700
0.341800
0.535890
0.684810
0.456540
0.207520
0.119630
0.122070
0.026855
0.053711
0.112300
0.026855
0.045166
0.227050
0.487060
0.686040
0.633540
0.498050
0.295410
0.271000
0.113530
-0.056152
-0.208740
-0.408940
-0.393070
-0.219730
-0.034180
-0.061035
-0.041504
0.120850
0.070801
-0.057373
-0.102540
-0.181880
-0.576170
-0.668950
-0.817870
-0.759280
-0.482180
-0.148930
0.014648
0.220950
0.413820
0.319820
0.054932
-0.106200
-0.346680
-0.496830
-0.449220
-0.161130
-0.080566
-0.181880
-0.155030
0.054932
0.271000
0.311280
0.280760
0.035400
-0.545650
-0.601810
-0.722660
-0.639650
-0.471190
-0.410160
-0.269780
0.073242
0.249020
0.308840
0.397950
0.065918
-0.191650
-0.452880
-0.505370
-0.458980
-0.395510
-0.295410
-0.185550
0.097656
0.393070
0.380860
0.379640
0.063477
-0.096436
0.021973
0.045166
0.023193
-0.037842
-0.126950
-0.003662
0.101320
0.184330
0.192870
0.097656
0.025635
0.191650
0.073242
-0.032959
0.029297
0.054932
0.225830
0.273440
0.130620
-0.063477
-0.312500
-0.240480
-0.262450
-0.242920
-0.093994
0.040283
0.233150
0.344240
0.333250
-0.043945
-0.336910
-0.347900
-0.207520
-0.217290
-0.212400
-0.039063
0.012207
-0.062256
0.073242
0.136720
0.109860
-0.062256
-0.136720
-0.144040
-0.166020
-0.073242
0.185550
0.284420
0.142820
-0.003662
-0.122070
-0.108640
0.123290
0.212400
0.418700
0.480960
0.415040
0.157470
-0.073242
-0.460210
-0.485840
-0.294190
-0.128170
-0.211180
-0.218510
-0.098877
-0.039063
0.119630
0.311280
0.235600
0.091553
0.084229
-0.096436
-0.161130
-0.057373
-0.137940
-0.017090
0.031738
-0.015869
0.029297
0.006104
-0.062256
-0.020752
-0.017090
0.042725
0.102540
-0.008545
-0.206300
-0.172120
-0.002441
0.109860
0.163570
0.201420
0.279540
0.349120
0.236820
0.252690
0.357670
0.291750
0.148930
0.133060
0.175780
0.201420
0.245360
0.347900
0.399170
0.310060
0.148930
-0.035400
-0.240480
-0.212400
-0.201420
-0.039063
0.047607
0.014648
-0.008545
0.037842
0.074463
0.076904
-0.015869
-0.144040
-0.189210
-0.133060
0.026855
0.131840
0.076904
0.059814
0.029297
0.148930
0.229490
0.217290
0.021973
-0.197750
-0.136720
-0.106200
-0.161130
0.034180
0.218510
0.323490
0.426030
0.321040
0.319820
0.295410
0.136720
-0.034180
-0.068359
0.126950
0.218510
0.075684
0.025635
0.113530
0.139160
0.217290
0.207520
0.125730
0.117190
0.151370
0.235600
0.106200
0.024414
-0.093994
-0.057373
-0.047607
0.070801
0.028076
0.109860
0.222170
0.203860
0.129390
0.028076
-0.180660
-0.305180
-0.253910
-0.217290
-0.135500
-0.029297
-0.053711
-0.097656
-0.216060
-0.314940
-0.373540
-0.400390
-0.405270
-0.345460
-0.136720
-0.010986
0.096436
0.203860
0.156250
0.037842
-0.037842
-0.081787
-0.108640
0.017090
-0.002441
-0.064697
0.095215
0.245360
0.247800
0.278320
0.338130
0.408940
0.509030
0.545650
0.440670
0.260010
0.257570
0.358890
0.335690
0.446780
0.396730
0.294190
0.284420
0.263670
0.378420
0.378420
0.297850
0.186770
0.181880
0.068359
-0.064697
-0.111080
-0.009766
0.051270
0.063477
0.065918
0.043945
0.108640
0.069580
-0.163570
-0.097656
0.023193
-0.078125
-0.014648
0.100100
0.135500
0.021973
-0.020752
0.039063
0.123290
0.369870
0.317380
0.026855
-0.073242
-0.152590
-0.289310
-0.397950
-0.358890
-0.405270
-0.385740
-0.460210
-0.434570
-0.358890
-0.178220
-0.041504
0.104980
0.073242
-0.177000
-0.190430
-0.135500
-0.024414
-0.026855
-0.130620
-0.195310
-0.128170
-0.106200
0.065918
0.200200
0.205080
0.231930
0.126950
-0.015869
0.000000
0.001221
-0.170900
-0.239260
-0.299070
-0.202640
-0.031738
0.125730
0.185550
0.266110
0.296630
0.058594
-0.095215
-0.250240
-0.400390
-0.554200
-0.598140
-0.493160
-0.290530
-0.172120
0.017090
-0.025635
