0.052490
-0.003662
0.000000
0.013428
-0.028076
-0.068359
-0.096436
-0.035400
-0.043945
0.040283
0.206300
0.234380
0.123290
-0.046387
0.034180
-0.084229
-0.142820
0.092773
0.308840
0.314940
-0.008545
-0.250240
-0.291750
0.010986
0.195310
0.075684
-0.078125
0.216060
0.386960
0.472410
0.584720
0.583500
0.185550
-0.214840
-0.279540
-0.272220
-0.184330
-0.291750
-0.139160
0.046387
-0.004883
0.164790
0.268550
0.168460
0.194090
0.191650
0.241700
0.133060
-0.087891
-0.137940
-0.247800
-0.449220
-0.332030
-0.213620
-0.130620
0.039063
0.115970
0.013428
-0.031738
-0.161130
-0.252690
-0.329590
-0.375980
-0.137940
-0.093994
-0.050049
-0.002441
0.034180
-0.025635
-0.161130
-0.317380
-0.284420
-0.197750
-0.112300
0.045166
0.085449
-0.051270
-0.043945
0.013428
-0.144040
-0.207520
-0.136720
-0.054932
-0.117190
-0.104980
0.089111
0.114750
0.249020
0.382080
0.467530
0.206300
0.120850
0.371090
0.377200
0.137940
0.006104
-0.124510
0.097656
0.246580
0.303960
0.148930
-0.096436
-0.169680
-0.030518
-0.181880
-0.211180
-0.266110
-0.244140
-0.109860
-0.091553
0.043945
0.313720
0.098877
-0.266110
-0.262450
-0.385740
-0.577390
-0.590820
-0.534670
-0.446780
-0.261230
-0.085449
0.001221
0.024414
-0.211180
-0.184330
-0.229490
-0.153810
0.024414
-0.075684
-0.201420
-0.371090
-0.284420
-0.321040
-0.396730
-0.596920
-0.430910
-0.184330
-0.194090
-0.158690
-0.079346
-0.196530
-0.292970
-0.256350
-0.148930
-0.043945
-0.021973
0.053711
0.067139
0.051270
-0.108640
-0.611570
-0.880130
-0.886230
-0.963130
-0.930180
-0.556640
-0.325930
-0.145260
0.001221
0.159910
0.373540
0.332030
-0.119630
-0.256350
-0.174560
-0.166020
-0.242920
-0.159910
0.086670
0.162350
0.247800
0.230710
0.019531
-0.009766
-0.030518
-0.294190
-0.325930
-0.324710
-0.219730
-0.161130
-0.056152
0.134280
0.473630
0.573730
0.554200
-0.083008
-0.662840
-0.507810
-0.397950
-0.278320
-0.119630
-0.119630
-0.023193
0.180660
0.496830
0.389400
0.229490
0.146480
-0.114750
-0.155030
0.052490
0.081787
0.017090
-0.042725
0.065918
0.205080
0.157470
0.013428
0.142820
0.152590
0.057373
-0.062256
-0.103760
-0.046387
-0.031738
-0.161130
-0.079346
-0.028076
-0.092773
-0.050049
0.035400
0.072021
0.089111
0.159910
0.261230
0.455320
0.277100
0.074463
-0.050049
-0.008545
-0.052490
0.017090
0.169680
0.380860
0.506590
0.524900
0.535890
0.513920
0.136720
0.020752
0.181880
0.244140
0.372310
0.375980
0.318600
0.383300
0.606690
0.706790
0.670170
0.263670
-0.272220
-0.406490
-0.147710
0.080566
0.273440
0.391850
0.335690
0.354000
0.318600
0.252690
0.338130
0.397950
0.246580
0.053711
0.190430
0.067139
-0.025635
-0.111080
-0.175780
-0.141600
-0.058594
0.057373
0.018311
-0.128170
-0.030518
-0.056152
-0.039063
0.019531
0.104980
0.146480
0.148930
0.090332
0.051270
0.109860
0.058594
0.047607
0.050049
0.014648
-0.036621
0.002441
0.026855
0.128170
0.240480
0.236820
0.107420
-0.169680
-0.402830
-0.344240
-0.092773
0.136720
0.095215
-0.069580
0.015869
0.090332
0.207520
0.213620
0.191650
0.245360
0.032959
-0.072021
-0.092773
-0.097656
-0.031738
-0.041504
-0.002441
-0.043945
0.034180
0.220950
0.035400
0.023193
-0.093994
-0.028076
-0.043945
-0.106200
-0.021973
0.189210
0.460210
0.290530
0.324710
0.239260
0.126950
-0.023193
-0.202640
-0.231930
-0.134280
-0.101320
0.122070
0.140380
-0.052490
-0.192870
-0.181880
-0.087891
-0.129390
-0.371090
-0.426030
-0.324710
-0.142820
-0.225830
-0.196530
-0.103760
-0.129390
-0.104980
0.021973
0.007324
-0.104980
-0.190430
-0.058594
0.142820
0.286870
0.218510
0.078125
-0.047607
0.086670
-0.004883
0.003662
0.242920
0.056152
-0.291750
-0.299070
-0.307620
-0.361330
-0.203860
-0.246580
-0.249020
-0.074463
0.012207
0.103760
0.380860
0.437010
0.399170
0.439450
0.163570
0.159910
0.120850
0.012207
-0.224610
-0.375980
-0.396730
-0.465090
-0.397950
-0.162350
-0.120850
-0.100100
0.190430
0.190430
0.181880
0.040283
-0.012207
0.120850
0.157470
0.114750
0.141600
0.186770
0.251460
0.172120
0.008545
-0.129390
-0.028076
-0.052490
-0.256350
-0.174560
0.013428
0.151370
0.400390
0.429690
0.388180
0.255130
0.131840
0.125730
0.153810
0.085449
0.048828
0.012207
-0.050049
0.018311
0.030518
0.106200
-0.015869
-0.053711
0.062256
0.229490
0.217290
0.201420
0.211180
0.079346
-0.043945
0.158690
0.192870
-0.051270
-0.184330
-0.113530
0.000000
0.083008
0.222170
0.194090
0.086670
-0.123290
-0.139160
-0.152590
-0.146480
-0.151370
0.083008
0.053711
-0.240480
-0.192870
-0.119630
-0.260010
-0.416260
-0.473630
-0.439450
-0.323490
-0.306400
-0.213620
-0.041504
0.157470
0.139160
0.084229
0.096436
0.303960
0.412600
0.300290
0.092773
-0.111080
-0.220950
-0.310060
-0.465090
-0.474850
-0.366210
-0.217290
-0.385740
-0.350340
-0.386960
-0.406490
-0.673830
-0.876460
-0.804440
-0.579830
-0.491940
-0.408940
-0.203860
-0.014648
0.147710
0.241700
0.274660
0.062256
0.058594
0.234380
0.253910
0.114750
