0.089111
0.097656
-0.014648
0.090332
-0.021973
-0.107420
0.039063
-0.019531
-0.150150
-0.174560
-0.091553
0.145260
0.213620
-0.004883
-0.361330
-0.626220
-0.632320
-0.538330
-0.340580
0.067139
0.454100
0.540770
0.379640
0.140380
0.046387
0.112300
0.201420
0.167240
-0.069580
-0.345460
-0.166020
-0.239260
-0.390630
-0.261230
-0.187990
-0.010986
0.000000
-0.015869
0.006104
0.231930
0.257570
0.296630
0.281980
0.141600
-0.057373
-0.172120
-0.223390
-0.036621
0.228270
0.255130
0.178220
-0.023193
-0.285640
-0.385740
-0.428470
-0.397950
-0.401610
-0.400390
-0.354000
-0.202640
-0.074463
-0.098877
-0.277100
-0.397950
-0.374760
-0.413820
-0.463870
-0.466310
-0.371090
-0.411380
-0.412600
-0.338130
-0.361330
-0.369870
-0.605470
-0.603030
-0.583500
-0.579830
-0.207520
-0.289310
-0.501710
-0.766600
-1.012000
-1.009500
-0.793460
-0.683590
-0.506590
-0.335690
-0.012207
0.528560
0.462650
0.157470
-0.076904
-0.428470
-0.672610
-0.557860
-0.390630
-0.164790
-0.140380
-0.218510
-0.241700
-0.238040
-0.278320
-0.045166
0.074463
0.034180
-0.285640
-0.257570
-0.036621
0.072021
-0.190430
-0.191650
-0.257570
-0.296630
-0.181880
-0.029297
0.108640
0.205080
0.078125
-0.021973
-0.252690
-0.512700
-0.599370
-0.460210
-0.448000
-0.378420
-0.220950
0.020752
0.206300
-0.085449
-0.393070
-0.532230
-0.616460
-0.443120
-0.118410
-0.009766
0.123290
0.168460
0.102540
0.195310
0.338130
0.285640
0.196530
0.087891
-0.067139
0.035400
0.177000
0.332030
0.373540
0.093994
0.024414
-0.043945
-0.104980
-0.113530
-0.090332
-0.057373
0.053711
0.364990
0.355220
0.107420
-0.010986
-0.264890
-0.269780
-0.148930
0.084229
0.274660
0.184330
0.023193
-0.047607
-0.008545
0.025635
0.046387
0.164790
0.323490
0.389400
0.473630
0.749510
0.948490
0.896000
0.561520
0.290530
-0.001221
0.131840
0.201420
0.072021
0.024414
-0.003662
0.124510
0.312500
0.379640
0.224610
0.218510
0.223390
0.131840
0.129390
0.181880
0.037842
0.117190
0.323490
0.390630
0.476070
0.405270
0.335690
0.327150
0.372310
0.338130
0.321040
0.223390
0.272220
0.278320
0.133060
0.140380
0.080566
0.000000
-0.069580
-0.050049
0.001221
-0.043945
0.006104
0.269780
0.249020
-0.062256
-0.236820
-0.236820
-0.343020
-0.332030
-0.260010
-0.002441
0.147710
0.208740
0.200200
0.162350
0.263670
0.200200
0.122070
-0.036621
-0.108640
-0.114750
-0.062256
0.052490
0.109860
0.218510
0.146480
0.098877
-0.045166
-0.111080
-0.111080
0.079346
0.217290
0.013428
-0.032959
-0.092773
0.030518
0.288090
0.437010
0.357670
0.072021
-0.068359
-0.120850
0.039063
0.212400
0.240480
0.245360
0.211180
0.135500
0.031738
-0.004883
0.098877
0.107420
-0.037842
-0.090332
-0.043945
-0.040283
-0.244140
-0.245360
-0.245360
-0.312500
-0.456540
-0.566410
-0.485840
-0.462650
-0.363770
-0.191650
-0.101320
0.068359
0.079346
0.177000
0.230710
0.208740
0.241700
0.239260
0.067139
-0.028076
-0.031738
-0.122070
-0.135500
-0.147710
-0.233150
-0.231930
-0.076904
-0.198970
-0.372310
-0.466310
-0.393070
-0.296630
-0.024414
0.030518
0.002441
0.129390
0.172120
0.251460
0.112300
0.100100
0.146480
0.170900
-0.003662
-0.091553
-0.021973
0.052490
-0.085449
-0.148930
-0.070801
0.035400
-0.029297
-0.032959
-0.023193
0.042725
0.190430
0.213620
0.196530
0.186770
0.083008
-0.241700
-0.329590
-0.224610
0.009766
0.168460
0.124510
0.080566
-0.026855
0.008545
0.074463
0.186770
0.112300
0.014648
0.034180
-0.017090
-0.041504
-0.119630
-0.305180
-0.472410
-0.454100
-0.397950
-0.334470
-0.239260
0.070801
0.404050
0.351560
0.245360
0.092773
0.084229
0.169680
0.069580
-0.072021
-0.152590
-0.081787
0.012207
0.151370
0.356450
0.430910
0.235600
-0.200200
-0.239260
-0.255130
-0.230710
-0.139160
-0.012207
0.067139
0.158690
0.153810
0.118410
0.062256
0.118410
0.317380
0.316160
0.339360
0.294190
0.192870
0.037842
0.109860
0.070801
-0.124510
-0.250240
-0.352780
-0.355220
-0.229490
-0.064697
-0.064697
-0.043945
-0.155030
-0.163570
-0.178220
-0.228270
-0.238040
-0.201420
-0.148930
-0.029297
0.120850
0.239260
0.231930
0.119630
0.087891
0.097656
0.100100
0.039063
0.086670
0.067139
-0.009766
-0.090332
-0.048828
-0.047607
-0.045166
-0.100100
-0.179440
-0.087891
-0.137940
-0.137940
-0.141600
-0.046387
-0.010986
0.030518
0.141600
0.211180
0.480960
0.534670
0.401610
0.274660
0.178220
0.117190
0.057373
0.002441
0.054932
0.087891
0.003662
0.076904
0.109860
0.097656
0.095215
0.124510
-0.014648
-0.039063
-0.117190
-0.124510
-0.085449
0.015869
0.087891
0.056152
0.039063
-0.100100
-0.111080
-0.120850
-0.047607
0.003662
-0.025635
0.076904
0.209960
0.219730
0.263670
0.261230
0.217290
0.225830
0.311280
0.360110
0.366210
0.206300
0.058594
-0.083008
-0.179440
-0.285640
-0.239260
-0.141600
-0.108640
-0.085449
-0.063477
0.063477
0.037842
0.072021
0.183110
0.139160
0.036621
-0.087891
0.119630
0.203860
0.209960
0.312500
0.372310
0.345460
0.284420
0.351560
0.451660
