-0.336910
-0.247800
-0.173340
-0.004883
0.101320
0.126950
0.200200
0.257570
0.261230
0.214840
0.086670
0.050049
0.018311
0.045166
0.079346
0.289310
0.643310
0.444340
-0.041504
-0.175780
-0.050049
-0.013428
0.032959
0.240480
0.284420
0.292970
0.479740
0.626220
0.570070
0.227050
-0.014648
-0.080566
-0.174560
-0.117190
-0.152590
-0.034180
0.079346
0.395510
0.472410
0.328370
0.249020
0.220950
0.234380
0.292970
0.272220
-0.095215
-0.378420
-0.360110
-0.358890
-0.187990
-0.156250
-0.354000
-0.483400
-0.437010
-0.262450
-0.114750
-0.107420
-0.140380
-0.186770
-0.117190
-0.164790
-0.095215
0.018311
-0.025635
-0.059814
-0.269780
-0.406490
-0.373540
-0.379640
-0.404050
-0.316160
-0.260010
-0.478520
-0.599370
-0.510250
-0.261230
-0.013428
0.123290
0.059814
-0.123290
-0.136720
-0.225830
-0.184330
-0.120850
-0.021973
0.001221
0.047607
-0.225830
-0.339360
-0.161130
-0.126950
0.070801
0.140380
-0.242920
-0.300290
-0.192870
0.140380
0.164790
0.133060
0.052490
-0.218510
-0.218510
-0.097656
0.200200
0.397950
0.448000
0.305180
0.291750
0.346680
-0.087891
-0.146480
-0.240480
-0.158690
-0.084229
-0.010986
0.123290
0.125730
0.120850
0.205080
0.236820
0.344240
0.198970
-0.043945
-0.102540
0.020752
-0.078125
-0.064697
-0.006104
-0.125730
-0.073242
0.039063
0.018311
-0.059814
0.058594
0.209960
0.058594
-0.014648
0.177000
0.327150
0.421140
0.466310
0.555420
0.169680
0.036621
0.072021
-0.107420
-0.268550
-0.373540
-0.360110
-0.230710
-0.042725
0.048828
-0.086670
-0.236820
-0.238040
-0.233150
-0.272220
-0.177000
-0.112300
-0.018311
0.233150
0.312500
0.097656
-0.168460
-0.502930
-0.610350
-0.528560
-0.438230
-0.411380
-0.273440
-0.084229
0.103760
0.161130
-0.020752
-0.157470
-0.158690
-0.187990
-0.330810
-0.250240
-0.136720
-0.170900
-0.191650
-0.244140
-0.180660
-0.300290
-0.524900
-0.612790
-0.510250
-0.490720
-0.422360
-0.323490
-0.091553
-0.144040
-0.046387
0.192870
0.142820
-0.157470
-0.589600
-0.377200
-0.286870
-0.224610
-0.300290
-0.360110
-0.312500
-0.189210
-0.217290
-0.277100
-0.284420
-0.196530
-0.249020
-0.361330
-0.231930
-0.076904
-0.024414
0.004883
-0.014648
0.097656
0.168460
0.281980
0.208740
0.057373
0.117190
0.306400
0.223390
0.111080
-0.098877
-0.153810
-0.036621
0.150150
0.181880
0.224610
0.361330
0.369870
0.266110
0.240480
0.137940
0.034180
-0.278320
-0.411380
-0.321040
-0.283200
-0.223390
-0.091553
0.097656
0.031738
0.109860
0.183110
0.007324
-0.179440
-0.483400
-0.551760
-0.577390
-0.500490
-0.225830
-0.028076
0.042725
0.255130
0.284420
0.043945
-0.236820
-0.231930
-0.246580
-0.256350
-0.257570
-0.100100
0.144040
0.349120
0.388180
-0.031738
-0.274660
-0.328370
-0.374760
-0.323490
-0.311280
-0.283200
-0.245360
-0.231930
-0.140380
0.089111
0.109860
0.151370
0.205080
0.274660
-0.048828
-0.223390
-0.344240
-0.216060
-0.157470
-0.100100
-0.125730
-0.032959
0.231930
0.413820
0.399170
0.223390
0.091553
-0.021973
-0.194090
-0.189210
0.053711
0.373540
0.498050
0.483400
0.537110
0.400390
0.357670
0.388180
0.255130
0.251460
0.302730
0.274660
0.393070
0.546880
0.344240
0.257570
0.267330
0.031738
-0.167240
0.013428
0.061035
0.136720
0.418700
0.239260
0.208740
-0.034180
-0.065918
0.076904
0.054932
0.080566
0.275880
0.366210
0.257570
0.216060
0.308840
0.524900
0.585940
0.247800
0.079346
0.063477
-0.004883
0.186770
0.125730
0.056152
-0.001221
0.053711
0.207520
0.354000
0.380860
0.446780
0.427250
0.352780
0.227050
0.140380
0.019531
0.059814
0.069580
-0.070801
-0.209960
-0.139160
-0.007324
-0.024414
-0.112300
-0.321040
-0.446780
-0.278320
-0.072021
0.131840
0.319820
0.346680
0.218510
0.101320
-0.036621
0.072021
0.046387
-0.091553
-0.147710
-0.228270
-0.468750
-0.385740
-0.354000
-0.356450
-0.306400
-0.135500
-0.029297
0.053711
0.311280
0.408940
0.375980
0.321040
0.103760
0.037842
0.008545
0.172120
0.166020
0.187990
0.159910
0.067139
0.151370
0.288090
0.339360
0.297850
0.130620
-0.015869
0.019531
0.134280
0.242920
0.306400
0.323490
0.290530
0.388180
0.443120
0.397950
0.251460
0.183110
0.239260
0.255130
0.274660
0.306400
0.367430
0.474850
0.466310
0.316160
0.202640
0.141600
0.108640
0.028076
0.010986
0.051270
0.050049
-0.100100
-0.084229
-0.102540
-0.179440
-0.207520
-0.274660
-0.339360
-0.183110
-0.039063
-0.042725
-0.179440
-0.162350
-0.205080
-0.161130
-0.144040
-0.168460
-0.124510
-0.052490
-0.042725
0.090332
0.136720
0.113530
0.072021
-0.010986
-0.100100
-0.137940
-0.106200
-0.056152
-0.008545
0.068359
0.267330
0.478520
0.444340
0.446780
0.531010
0.341800
0.146480
0.031738
-0.095215
-0.172120
-0.151370
-0.029297
0.092773
0.098877
0.078125
-0.019531
-0.156250
-0.322270
-0.402830
-0.435790
-0.620120
-0.645750
-0.516360
-0.369870
-0.256350
-0.083008
0.087891
0.273440
0.427250
0.375980
0.385740
0.416260
0.378420
0.437010
0.388180
0.306400
0.385740
0.504150
0.407710
0.400390
0.588380
