0.241700
0.109860
0.097656
0.135500
0.228270
0.139160
0.137940
0.242920
0.064697
-0.076904
-0.056152
0.054932
0.124510
0.222170
0.324710
0.341800
0.561520
0.803220
0.733640
0.454100
0.175780
0.267330
0.264890
0.256350
0.250240
0.339360
0.405270
0.463870
0.510250
0.498050
0.180660
0.009766
0.024414
-0.072021
-0.173340
-0.357670
-0.394290
-0.278320
-0.009766
0.117190
0.148930
0.201420
0.142820
0.101320
-0.147710
-0.368650
-0.402830
-0.478520
-0.397950
-0.496830
-0.520020
-0.543210
-0.483400
-0.377200
-0.170900
-0.153810
-0.220950
-0.347900
-0.319820
-0.269780
-0.063477
0.029297
0.043945
0.098877
0.102540
0.030518
-0.057373
-0.196530
-0.236820
-0.112300
0.015869
0.053711
-0.012207
-0.357670
-0.577390
-0.599370
-0.340580
-0.368650
-0.207520
-0.072021
-0.312500
-0.361330
-0.183110
-0.122070
-0.374760
-0.638430
-0.493160
-0.385740
-0.319820
-0.295410
-0.061035
0.081787
0.162350
0.021973
0.015869
-0.125730
0.043945
-0.006104
-0.382080
-0.328370
-0.152590
-0.166020
-0.112300
-0.015869
-0.203860
-0.405270
-0.131840
0.133060
0.142820
0.214840
0.314940
0.306400
0.223390
0.148930
0.144040
0.225830
0.269780
0.164790
0.019531
-0.012207
-0.003662
0.141600
0.137940
-0.097656
-0.026855
0.078125
-0.008545
0.043945
0.166020
0.229490
0.091553
-0.007324
-0.034180
-0.053711
-0.042725
-0.123290
-0.192870
-0.346680
-0.230710
0.120850
0.297850
0.289310
0.018311
-0.235600
-0.332030
-0.432130
-0.374760
-0.191650
-0.378420
-0.543210
-0.379640
-0.529790
-0.644530
-0.676270
-0.474850
-0.219730
-0.004883
-0.057373
-0.029297
0.174560
0.350340
0.357670
0.328370
0.255130
0.168460
-0.047607
-0.057373
-0.045166
-0.207520
-0.363770
-0.384520
-0.521240
-0.573730
-0.328370
-0.128170
-0.080566
0.058594
0.043945
-0.333250
-0.421140
-0.369870
-0.455320
-0.284420
-0.100100
0.205080
0.499270
0.594480
0.384520
0.224610
0.024414
-0.013428
-0.111080
-0.102540
-0.025635
-0.007324
0.174560
0.444340
0.361330
0.175780
-0.020752
-0.059814
-0.146480
-0.039063
0.109860
0.113530
0.294190
0.430910
0.312500
0.158690
0.014648
-0.134280
0.040283
0.007324
-0.072021
-0.189210
-0.141600
-0.151370
-0.006104
0.125730
0.239260
0.076904
-0.079346
-0.009766
0.162350
0.280760
0.175780
0.004883
-0.212400
-0.391850
-0.330810
-0.084229
0.163570
0.319820
0.310060
0.158690
0.072021
0.020752
0.048828
-0.106200
-0.152590
-0.057373
0.012207
-0.035400
0.135500
0.194090
0.042725
-0.113530
-0.102540
-0.053711
-0.064697
0.013428
0.074463
0.078125
-0.133060
-0.075684
0.069580
0.008545
0.018311
0.086670
-0.041504
-0.225830
-0.448000
-0.587160
-0.452880
-0.418700
-0.223390
-0.047607
-0.196530
-0.289310
-0.122070
0.135500
0.332030
0.417480
0.439450
0.384520
0.544430
0.640870
0.682370
0.759280
0.451660
0.028076
-0.235600
-0.286870
-0.205080
-0.092773
0.098877
0.230710
0.129390
-0.012207
-0.069580
-0.024414
0.009766
0.056152
0.111080
0.144040
0.278320
0.498050
0.687260
0.629880
0.396730
0.009766
-0.141600
-0.274660
-0.191650
0.020752
0.202640
0.286870
0.146480
0.216060
0.300290
0.461430
0.539550
0.300290
0.148930
0.131840
0.108640
0.081787
0.142820
0.169680
0.015869
-0.126950
-0.136720
-0.155030
-0.128170
-0.069580
-0.078125
-0.098877
-0.133060
-0.018311
0.013428
0.095215
0.234380
0.200200
0.111080
0.141600
-0.206300
-0.524900
-0.621340
-0.488280
-0.372310
-0.178220
0.118410
0.301510
0.364990
0.284420
0.231930
0.362550
0.289310
0.130620
0.025635
0.080566
0.130620
0.242920
0.231930
0.277100
0.181880
0.166020
0.200200
0.162350
0.133060
0.225830
0.274660
0.177000
0.037842
0.013428
0.018311
0.133060
0.089111
0.167240
0.233150
0.191650
0.234380
0.181880
-0.013428
-0.139160
-0.146480
-0.057373
-0.157470
-0.076904
-0.026855
-0.024414
0.026855
0.073242
0.258790
0.354000
0.349120
0.295410
0.344240
0.363770
0.197750
0.023193
-0.063477
-0.206300
-0.361330
-0.319820
-0.335690
-0.321040
-0.197750
-0.091553
0.148930
0.120850
0.041504
-0.031738
-0.087891
0.021973
0.195310
0.123290
0.014648
-0.018311
-0.139160
-0.036621
-0.065918
-0.150150
-0.198970
-0.299070
-0.375980
-0.524900
-0.576170
-0.593260
-0.554200
-0.428470
-0.249020
-0.112300
-0.025635
0.190430
0.388180
0.485840
0.541990
0.537110
0.507810
0.460210
0.233150
0.144040
0.158690
0.361330
0.473630
0.720210
0.827640
0.712890
0.620120
0.650630
0.528560
0.324710
0.272220
0.112300
-0.185550
-0.218510
-0.078125
-0.006104
0.074463
0.101320
0.230710
0.103760
0.053711
0.134280
-0.035400
-0.126950
-0.179440
-0.275880
-0.363770
-0.340580
-0.305180
-0.383300
-0.395510
-0.465090
-0.524900
-0.596920
-0.554200
-0.563960
-0.401610
-0.379640
-0.383300
-0.345460
-0.174560
-0.091553
-0.059814
-0.097656
-0.084229
-0.031738
0.003662
0.004883
-0.042725
-0.187990
-0.148930
-0.155030
-0.251460
-0.216060
-0.341800
-0.372310
-0.245360
-0.366210
-0.255130
-0.201420
-0.191650
-0.231930
-0.344240
-0.208740
-0.177000
-0.065918
0.047607
