0.068359
-0.052490
0.109860
0.173340
0.047607
0.076904
0.209960
0.217290
0.275880
0.296630
0.288090
0.104980
-0.059814
-0.170900
-0.126950
0.114750
0.072021
-0.029297
0.296630
0.562740
0.410160
0.034180
0.008545
-0.157470
-0.059814
-0.051270
0.123290
0.231930
0.246580
0.363770
0.489500
0.567630
0.350340
0.009766
0.097656
0.057373
-0.135500
-0.245360
-0.083008
-0.090332
0.014648
0.089111
0.109860
0.162350
0.255130
0.462650
0.572510
0.469970
0.307620
0.091553
0.054932
0.023193
-0.151370
-0.230710
-0.213620
-0.191650
-0.275880
-0.285640
-0.307620
-0.280760
-0.252690
-0.247800
-0.339360
-0.361330
-0.413820
-0.491940
-0.507810
-0.594480
-0.581050
-0.662840
-0.675050
-0.662840
-0.744630
-0.811770
-0.786130
-0.867920
-0.937500
-0.950930
-0.841060
-0.706790
-0.234380
-0.034180
0.043945
0.051270
0.065918
0.151370
0.308840
0.422360
0.498050
0.546880
0.407710
0.252690
0.397950
0.496830
0.609130
0.480960
0.413820
0.305180
0.391850
0.336910
0.391850
0.200200
-0.065918
-0.080566
-0.142820
-0.323490
-0.346680
-0.158690
0.117190
0.292970
0.413820
0.593260
0.836180
1.082800
1.037600
0.947270
0.947270
0.980220
0.755620
0.533450
0.476070
0.252690
0.102540
0.175780
0.238040
0.357670
0.267330
0.168460
0.230710
0.312500
0.291750
0.324710
0.299070
0.163570
-0.076904
0.004883
-0.096436
-0.156250
-0.261230
-0.428470
-0.364990
-0.126950
-0.096436
-0.089111
-0.064697
-0.007324
0.036621
-0.064697
-0.115970
0.015869
0.133060
0.290530
0.460210
0.611570
0.561520
0.557860
0.406490
0.195310
0.131840
0.183110
0.341800
0.117190
-0.093994
-0.124510
-0.081787
-0.040283
-0.039063
0.002441
-0.085449
-0.053711
-0.024414
0.034180
0.001221
-0.097656
-0.184330
-0.247800
-0.354000
-0.308840
-0.122070
0.010986
-0.041504
-0.235600
-0.384520
-0.224610
-0.330810
-0.395510
-0.363770
-0.378420
-0.324710
-0.261230
-0.255130
-0.281980
-0.247800
-0.174560
-0.346680
-0.277100
0.045166
0.068359
0.090332
0.028076
0.014648
-0.008545
0.069580
-0.028076
-0.086670
-0.112300
-0.050049
0.018311
0.000000
0.029297
-0.126950
-0.078125
-0.216060
-0.124510
-0.036621
-0.086670
-0.073242
-0.163570
-0.195310
-0.329590
-0.498050
-0.504150
-0.391850
-0.385740
-0.285640
-0.166020
-0.146480
-0.218510
-0.227050
-0.260010
-0.314940
-0.124510
0.052490
0.061035
-0.043945
-0.155030
-0.169680
-0.214840
-0.244140
-0.230710
-0.212400
-0.285640
-0.307620
-0.426030
-0.317380
-0.251460
-0.126950
0.145260
0.227050
0.198970
0.181880
0.229490
0.318600
0.354000
0.253910
0.072021
-0.123290
-0.136720
-0.112300
0.050049
0.124510
0.104980
-0.040283
-0.205080
-0.220950
-0.190430
-0.319820
-0.239260
-0.133060
-0.085449
0.178220
0.235600
0.137940
0.120850
0.253910
0.327150
0.272220
0.236820
-0.181880
-0.251460
-0.125730
-0.131840
-0.120850
-0.067139
-0.069580
-0.129390
-0.222170
-0.135500
-0.341800
-0.391850
-0.291750
-0.195310
-0.157470
-0.473630
-0.439450
-0.106200
-0.041504
-0.029297
-0.137940
-0.205080
-0.206300
-0.202640
-0.261230
-0.244140
-0.119630
-0.035400
0.013428
-0.089111
-0.070801
-0.122070
-0.068359
-0.040283
0.035400
0.211180
0.295410
0.311280
0.479740
0.515140
0.418700
0.164790
0.117190
-0.092773
-0.323490
-0.358890
-0.170900
0.025635
0.261230
0.428470
0.725100
0.661620
0.213620
0.015869
-0.119630
-0.125730
-0.173340
-0.107420
-0.014648
0.140380
0.541990
0.776370
0.606690
0.281980
-0.053711
-0.258790
-0.408940
-0.413820
-0.213620
-0.017090
0.068359
0.197750
0.384520
0.448000
0.440670
0.083008
-0.072021
-0.201420
-0.089111
-0.197750
-0.201420
-0.206300
-0.065918
0.162350
0.308840
0.395510
0.263670
0.192870
0.277100
0.117190
0.006104
0.015869
-0.086670
-0.178220
-0.061035
-0.019531
0.030518
0.085449
0.158690
0.212400
0.046387
0.063477
0.091553
0.074463
0.106200
0.058594
0.097656
-0.010986
-0.109860
-0.136720
-0.211180
-0.168460
-0.069580
-0.037842
-0.063477
-0.118410
-0.142820
-0.119630
-0.053711
-0.096436
0.028076
0.106200
0.167240
0.126950
0.241700
0.347900
0.147710
0.042725
-0.046387
-0.095215
-0.168460
-0.175780
-0.043945
0.042725
0.079346
-0.009766
0.075684
0.244140
0.357670
0.262450
0.157470
0.153810
0.181880
0.178220
0.085449
0.166020
0.180660
0.101320
0.096436
0.015869
-0.092773
-0.126950
-0.150150
0.062256
0.195310
0.218510
0.174560
0.041504
-0.096436
-0.186770
-0.158690
-0.111080
-0.173340
-0.225830
-0.247800
-0.168460
-0.069580
-0.065918
-0.386960
-0.572510
-0.626220
-0.671390
-0.694580
-0.534670
-0.212400
-0.037842
0.227050
0.196530
0.019531
-0.026855
-0.020752
-0.012207
0.158690
0.219730
0.242920
0.327150
0.405270
0.423580
0.500490
0.570070
0.484620
0.516360
0.621340
0.576170
0.646970
0.498050
0.462650
0.476070
0.439450
0.208740
0.062256
0.061035
0.211180
0.119630
-0.030518
-0.053711
0.015869
0.074463
0.203860
0.230710
0.192870
0.134280
0.141600
-0.020752
0.045166
0.203860
0.212400
0.141600
0.058594
0.180660
0.196530
0.122070
