-0.297850
-0.286870
-0.168460
-0.081787
0.085449
0.106200
0.115970
0.117190
0.051270
-0.072021
0.041504
0.272220
0.340580
0.197750
0.124510
0.223390
0.289310
0.561520
0.950930
0.776370
0.506590
0.151370
0.186770
0.244140
0.177000
0.321040
0.427250
0.322270
0.340580
0.357670
0.356450
0.379640
0.314940
0.208740
-0.036621
0.031738
0.085449
-0.158690
-0.201420
0.031738
0.118410
0.148930
0.183110
0.067139
0.197750
0.324710
0.285640
0.229490
-0.025635
-0.242920
-0.339360
-0.269780
-0.014648
-0.053711
-0.046387
0.017090
0.073242
0.000000
-0.042725
-0.009766
-0.018311
-0.157470
-0.104980
-0.194090
-0.135500
-0.058594
-0.068359
0.026855
0.047607
-0.054932
0.008545
0.158690
0.207520
-0.058594
-0.257570
-0.316160
-0.244140
-0.336910
-0.388180
-0.255130
0.019531
0.020752
0.168460
0.072021
-0.069580
-0.312500
-0.416260
-0.404050
-0.384520
-0.244140
-0.080566
-0.118410
-0.081787
0.147710
0.375980
0.155030
-0.213620
-0.430910
-0.375980
-0.283200
-0.272220
-0.209960
-0.030518
0.036621
0.084229
0.081787
0.084229
0.009766
-0.014648
-0.096436
-0.098877
0.029297
0.164790
0.089111
0.014648
-0.013428
0.047607
0.109860
0.231930
0.137940
-0.010986
-0.122070
-0.260010
-0.207520
-0.067139
0.104980
0.158690
0.141600
0.137940
0.200200
0.229490
-0.035400
-0.170900
-0.230710
-0.267330
-0.227050
-0.014648
0.087891
0.017090
-0.091553
-0.047607
-0.141600
-0.280760
-0.407710
-0.559080
-0.534670
-0.262450
0.048828
0.141600
-0.098877
-0.192870
-0.249020
-0.216060
-0.013428
-0.024414
-0.062256
-0.107420
-0.214840
-0.230710
-0.406490
-0.493160
-0.518800
-0.485840
-0.306400
-0.137940
0.153810
0.281980
0.269780
0.158690
-0.063477
-0.198970
-0.115970
-0.029297
-0.108640
-0.069580
-0.018311
-0.072021
0.032959
0.133060
0.081787
-0.013428
-0.083008
-0.106200
-0.024414
0.058594
0.174560
-0.019531
-0.194090
-0.333250
-0.583500
-0.599370
-0.496830
-0.256350
-0.067139
0.020752
0.152590
0.310060
0.123290
-0.166020
-0.108640
-0.095215
0.023193
0.103760
0.095215
0.097656
0.263670
0.150150
0.056152
-0.045166
-0.101320
-0.139160
-0.035400
-0.010986
0.030518
0.147710
0.305180
0.233150
0.185550
0.258790
0.238040
-0.211180
-0.456540
-0.284420
-0.115970
0.091553
0.195310
0.267330
0.129390
-0.057373
-0.015869
0.085449
0.012207
-0.020752
-0.056152
-0.084229
-0.361330
-0.345460
-0.061035
0.050049
0.108640
0.147710
0.179440
0.251460
0.166020
0.235600
0.140380
0.050049
0.218510
0.230710
-0.024414
-0.200200
-0.228270
-0.170900
-0.010986
0.063477
0.092773
0.081787
0.120850
0.180660
-0.030518
0.008545
0.150150
0.390630
0.510250
0.590820
0.633540
0.366210
0.219730
0.358890
0.242920
0.101320
0.098877
0.311280
0.166020
0.142820
0.216060
0.333250
0.319820
0.108640
0.128170
0.191650
0.118410
0.059814
0.067139
0.080566
0.010986
-0.278320
-0.231930
-0.103760
-0.194090
-0.052490
0.001221
-0.018311
0.034180
0.137940
0.145260
0.207520
0.206300
0.095215
0.144040
0.285640
0.340580
0.390630
0.333250
0.000000
-0.156250
-0.257570
-0.291750
-0.131840
-0.113530
-0.164790
-0.136720
0.008545
0.245360
0.411380
0.404050
0.253910
0.155030
0.123290
0.330810
0.402830
0.245360
0.114750
0.129390
0.231930
0.234380
0.260010
0.310060
0.247800
0.098877
0.108640
0.131840
0.021973
-0.085449
-0.189210
-0.378420
-0.368650
-0.269780
-0.144040
0.140380
0.347900
0.454100
0.502930
0.511470
0.294190
0.078125
-0.086670
-0.112300
-0.133060
0.063477
0.393070
0.374760
0.408940
0.406490
0.264890
0.080566
-0.091553
-0.189210
-0.310060
-0.264890
-0.256350
-0.181880
-0.052490
0.064697
0.113530
0.231930
0.181880
0.390630
0.468750
0.303960
0.091553
-0.172120
-0.151370
-0.092773
0.006104
0.036621
0.063477
0.057373
0.260010
0.515140
0.605470
0.479740
0.335690
0.118410
-0.036621
-0.096436
-0.208740
-0.228270
-0.156250
-0.134280
-0.178220
-0.090332
-0.002441
-0.017090
-0.003662
0.120850
-0.114750
-0.300290
-0.363770
-0.305180
-0.280760
-0.145260
-0.092773
-0.128170
-0.080566
-0.041504
-0.153810
-0.107420
-0.093994
-0.114750
-0.040283
-0.220950
-0.189210
-0.124510
-0.007324
-0.036621
-0.061035
-0.089111
-0.063477
-0.126950
-0.136720
-0.074463
-0.122070
-0.220950
-0.285640
-0.206300
-0.167240
-0.040283
0.024414
0.159910
0.313720
0.222170
-0.074463
-0.069580
-0.020752
-0.078125
-0.220950
-0.284420
-0.307620
-0.202640
-0.024414
0.029297
0.073242
-0.042725
-0.090332
-0.108640
-0.198970
-0.194090
-0.229490
-0.147710
0.001221
-0.043945
-0.102540
-0.111080
-0.047607
-0.018311
-0.040283
-0.124510
-0.319820
-0.421140
-0.335690
-0.263670
-0.335690
-0.273440
-0.319820
-0.303960
-0.246580
-0.229490
-0.269780
-0.322270
-0.203860
-0.192870
-0.290530
-0.411380
-0.456540
-0.505370
-0.539550
-0.456540
-0.511470
-0.500490
-0.310060
-0.161130
-0.023193
0.081787
0.235600
0.347900
0.452880
0.322270
0.330810
0.288090
0.129390
0.170900
0.040283
-0.043945
0.032959
0.035400
0.139160
0.087891
-0.014648
-0.053711
