0.102540
0.185550
0.302730
0.397950
0.285640
0.352780
0.301510
0.196530
0.075684
0.019531
0.008545
-0.118410
-0.070801
0.052490
0.175780
0.023193
0.203860
0.456540
0.610350
0.555420
0.386960
0.247800
0.162350
0.111080
0.236820
0.349120
0.650630
0.537110
0.501710
0.782470
0.845950
0.562740
0.385740
0.379640
0.446780
0.268550
0.046387
0.042725
0.144040
0.321040
0.334470
0.361330
0.186770
0.170900
0.306400
0.047607
0.083008
-0.007324
-0.196530
-0.418700
-0.537110
-0.562740
-0.513920
-0.522460
-0.405270
-0.285640
-0.285640
-0.247800
-0.280760
-0.334470
-0.367430
-0.430910
-0.428470
-0.462650
-0.584720
-0.645750
-0.556640
-0.556640
-0.567630
-0.490720
-0.467530
-0.311280
-0.113530
-0.164790
-0.140380
-0.108640
-0.147710
-0.192870
-0.260010
-0.046387
0.119630
0.212400
0.079346
0.041504
-0.052490
0.013428
0.019531
0.036621
-0.019531
-0.039063
-0.081787
-0.025635
0.112300
0.114750
0.183110
0.137940
-0.013428
-0.172120
-0.231930
-0.236820
-0.186770
-0.092773
-0.148930
-0.261230
-0.101320
0.001221
0.174560
0.329590
0.421140
0.256350
0.180660
0.240480
0.245360
0.390630
0.533450
0.115970
-0.124510
-0.281980
-0.268550
-0.150150
-0.002441
-0.069580
-0.036621
-0.103760
-0.249020
-0.302730
-0.305180
-0.211180
-0.163570
-0.145260
-0.001221
-0.208740
-0.096436
0.074463
0.139160
0.312500
0.263670
0.208740
0.058594
-0.147710
-0.076904
-0.063477
-0.042725
-0.001221
-0.054932
-0.162350
-0.098877
0.059814
0.274660
0.424800
0.498050
0.205080
-0.139160
-0.456540
-0.343020
-0.191650
-0.139160
0.002441
0.174560
0.391850
0.458980
0.384520
0.067139
0.000000
-0.087891
-0.191650
-0.196530
-0.277100
-0.460210
-0.490720
-0.396730
-0.321040
-0.162350
-0.146480
-0.194090
-0.152590
0.124510
0.371090
0.164790
-0.039063
0.092773
0.318600
0.360110
0.340580
0.383300
0.220950
0.106200
0.150150
0.197750
0.230710
0.157470
-0.136720
-0.150150
0.063477
0.173340
0.278320
0.412600
0.285640
0.035400
-0.173340
-0.153810
-0.219730
-0.369870
-0.457760
-0.418700
-0.314940
-0.255130
-0.238040
-0.153810
-0.140380
-0.292970
-0.336910
-0.471190
-0.450440
-0.422360
-0.290530
-0.031738
0.035400
0.158690
0.051270
-0.140380
-0.150150
-0.242920
-0.299070
-0.422360
-0.421140
-0.289310
-0.173340
-0.035400
0.012207
0.000000
0.030518
-0.043945
0.035400
-0.056152
0.075684
0.189210
0.108640
0.009766
0.181880
0.123290
-0.078125
-0.107420
-0.233150
-0.123290
-0.024414
0.085449
0.241700
0.272220
0.375980
0.385740
0.159910
0.002441
0.126950
0.407710
0.244140
0.178220
0.086670
-0.003662
0.000000
-0.048828
0.117190
0.339360
0.117190
0.037842
-0.047607
0.108640
0.375980
0.358890
0.155030
0.062256
-0.059814
-0.146480
-0.238040
-0.179440
0.046387
0.122070
0.322270
0.280760
0.209960
0.166020
0.108640
-0.106200
-0.070801
0.133060
0.195310
0.056152
0.206300
0.415040
0.378420
0.285640
0.186770
0.124510
0.017090
-0.008545
0.075684
-0.002441
-0.058594
-0.030518
-0.025635
0.074463
0.161130
0.231930
0.350340
0.361330
0.484620
0.427250
0.227050
-0.233150
-0.440670
-0.405270
-0.360110
-0.296630
-0.148930
-0.025635
0.068359
0.266110
0.332030
0.267330
-0.032959
-0.314940
-0.273440
-0.172120
0.072021
0.307620
0.303960
0.504150
0.527340
0.505370
0.551760
0.480960
0.256350
-0.141600
-0.217290
-0.029297
0.152590
0.240480
0.290530
0.313720
0.334470
0.371090
0.489500
0.458980
0.236820
0.000000
-0.166020
-0.114750
0.196530
0.128170
-0.012207
-0.085449
0.209960
0.458980
0.179440
0.079346
0.155030
0.314940
0.510250
0.373540
0.234380
0.119630
0.170900
0.131840
0.130620
0.069580
-0.019531
-0.167240
-0.180660
-0.104980
0.092773
0.277100
0.263670
0.224610
0.114750
-0.031738
-0.085449
-0.072021
-0.195310
-0.269780
-0.181880
-0.001221
0.180660
0.341800
0.311280
0.228270
0.310060
0.296630
0.206300
0.097656
-0.058594
-0.236820
-0.167240
0.007324
-0.090332
-0.187990
-0.133060
-0.050049
0.002441
-0.103760
-0.147710
-0.196530
-0.272220
-0.246580
-0.389400
-0.411380
-0.362550
-0.257570
-0.192870
0.098877
0.438230
0.429690
0.290530
0.156250
0.025635
0.151370
0.130620
-0.075684
-0.214840
-0.284420
-0.308840
-0.335690
-0.322270
-0.336910
-0.224610
-0.125730
0.019531
0.097656
0.039063
-0.042725
-0.167240
-0.233150
-0.380860
-0.450440
-0.433350
-0.432130
-0.148930
0.026855
-0.083008
-0.119630
-0.140380
-0.114750
-0.147710
-0.281980
-0.417480
-0.357670
-0.316160
-0.170900
-0.054932
-0.231930
-0.209960
-0.186770
-0.136720
-0.181880
-0.341800
-0.496830
-0.301510
-0.046387
-0.008545
-0.108640
-0.114750
-0.047607
0.212400
0.231930
0.194090
0.107420
0.107420
-0.029297
0.050049
0.202640
0.245360
0.374760
0.417480
0.408940
0.388180
0.275880
0.076904
-0.169680
-0.195310
-0.196530
-0.219730
-0.233150
-0.251460
-0.111080
-0.009766
-0.023193
-0.093994
-0.245360
-0.177000
-0.117190
0.067139
-0.004883
-0.212400
-0.397950
-0.454100
-0.419920
-0.456540
-0.532230
-0.601810
-0.526120
-0.485840
