-0.183110
-0.103760
0.000000
0.053711
0.142820
0.183110
0.111080
0.015869
-0.006104
-0.058594
-0.208740
-0.311280
-0.295410
-0.242920
0.053711
0.404050
0.529790
0.328370
0.147710
0.109860
0.098877
0.107420
0.010986
0.045166
0.217290
0.572510
0.794680
0.618900
0.512700
0.238040
-0.202640
-0.395510
-0.399170
-0.523680
-0.546880
-0.482180
-0.468750
-0.305180
-0.192870
-0.178220
-0.328370
-0.300290
-0.117190
-0.074463
-0.096436
-0.245360
-0.532230
-0.587160
-0.631100
-0.606690
-0.490720
-0.416260
-0.369870
-0.377200
-0.310060
-0.093994
-0.045166
-0.299070
-0.484620
-0.529790
-0.539550
-0.472410
-0.523680
-0.534670
-0.448000
-0.335690
-0.306400
-0.301510
-0.301510
-0.396730
-0.487060
-0.444340
-0.289310
-0.223390
-0.274660
-0.213620
-0.150150
-0.037842
-0.004883
0.103760
0.311280
0.528560
0.512700
0.157470
-0.092773
-0.135500
-0.130620
-0.229490
-0.103760
-0.159910
-0.388180
-0.545650
-0.319820
-0.080566
0.095215
0.046387
-0.345460
-0.595700
-0.651860
-0.754390
-0.585940
-0.541990
-0.496830
-0.327150
-0.184330
0.032959
0.268550
0.466310
0.571290
0.589600
0.545650
0.394290
0.114750
0.039063
-0.058594
-0.208740
-0.169680
0.026855
0.181880
0.134280
0.117190
0.079346
0.217290
0.378420
0.369870
0.139160
-0.079346
-0.093994
0.008545
-0.117190
-0.244140
-0.190430
-0.183110
-0.146480
0.089111
0.209960
0.141600
0.200200
0.380860
0.141600
-0.059814
-0.271000
-0.395510
-0.383300
-0.361330
-0.296630
-0.382080
-0.177000
-0.155030
0.028076
0.101320
-0.009766
0.031738
0.170900
0.161130
0.166020
0.155030
0.093994
0.345460
0.628660
0.656740
0.173340
-0.252690
-0.454100
-0.380860
-0.253910
-0.216060
-0.057373
0.079346
0.032959
-0.155030
-0.073242
-0.042725
-0.150150
-0.238040
-0.364990
-0.402830
-0.344240
-0.245360
-0.385740
-0.341800
-0.147710
0.023193
0.098877
0.048828
0.202640
0.430910
0.639650
0.406490
0.513920
0.189210
-0.080566
-0.092773
0.026855
0.161130
0.186770
0.183110
0.194090
0.295410
0.522460
0.544430
0.260010
0.164790
0.032959
0.008545
0.106200
0.197750
0.227050
0.230710
0.056152
-0.081787
-0.448000
-0.430910
-0.095215
0.196530
0.229490
0.157470
0.172120
0.443120
0.671390
0.837400
0.607910
0.384520
0.278320
0.206300
0.236820
0.378420
0.510250
0.590820
0.485840
0.434570
0.277100
-0.012207
-0.213620
-0.072021
0.020752
0.206300
0.479740
0.581050
0.686040
0.300290
0.064697
-0.078125
0.015869
0.157470
0.314940
0.181880
0.015869
-0.040283
-0.014648
0.115970
0.209960
0.159910
0.109860
0.079346
0.205080
0.444340
0.551760
0.446780
0.241700
0.000000
-0.255130
-0.303960
-0.217290
-0.008545
0.153810
0.235600
0.263670
0.290530
0.316160
0.163570
0.024414
0.062256
0.159910
0.014648
-0.222170
-0.238040
-0.175780
-0.158690
-0.155030
-0.076904
0.092773
0.067139
0.091553
0.201420
0.140380
0.211180
0.141600
0.249020
0.015869
-0.423580
-0.601810
-0.441890
-0.166020
0.043945
0.177000
0.377200
0.506590
0.605470
0.623780
0.072021
-0.085449
-0.327150
-0.153810
-0.047607
-0.167240
-0.037842
0.079346
0.369870
0.427250
0.263670
0.075684
-0.174560
-0.350340
-0.279540
-0.253910
-0.218510
-0.059814
0.020752
0.059814
0.032959
0.046387
0.103760
0.262450
0.090332
-0.069580
-0.289310
-0.421140
-0.263670
-0.042725
-0.090332
0.101320
0.166020
0.213620
0.344240
0.225830
-0.054932
-0.145260
-0.228270
-0.158690
-0.129390
-0.068359
0.076904
0.030518
-0.083008
-0.072021
-0.194090
-0.363770
-0.345460
-0.294190
-0.235600
-0.344240
-0.300290
-0.285640
-0.284420
-0.290530
-0.323490
-0.472410
-0.524900
-0.560300
-0.394290
-0.343020
-0.360110
-0.333250
-0.213620
-0.100100
-0.075684
-0.150150
-0.246580
-0.252690
-0.155030
-0.029297
0.047607
0.048828
0.087891
0.089111
0.065918
0.183110
0.251460
0.096436
0.095215
0.144040
0.192870
0.076904
0.142820
0.013428
-0.167240
-0.323490
-0.375980
-0.362550
-0.197750
0.056152
0.147710
0.301510
0.312500
0.251460
0.141600
-0.136720
-0.323490
-0.422360
-0.404050
-0.449220
-0.524900
-0.477290
-0.374760
-0.197750
-0.130620
-0.133060
-0.104980
-0.045166
0.030518
-0.026855
-0.106200
-0.058594
-0.017090
-0.018311
0.028076
0.177000
0.245360
0.422360
0.421140
0.262450
0.097656
-0.131840
-0.137940
-0.089111
-0.008545
0.051270
0.026855
0.184330
0.297850
0.502930
0.341800
-0.120850
-0.316160
-0.330810
-0.354000
-0.361330
-0.335690
-0.245360
-0.095215
-0.031738
0.021973
-0.053711
-0.151370
-0.036621
-0.208740
-0.319820
-0.220950
-0.118410
0.067139
0.100100
0.137940
0.163570
0.148930
0.084229
0.108640
0.122070
0.246580
0.457760
0.366210
0.058594
0.018311
-0.040283
-0.126950
-0.234380
-0.319820
-0.273440
-0.205080
-0.097656
-0.012207
0.098877
0.117190
0.046387
-0.212400
-0.296630
-0.299070
-0.178220
-0.274660
-0.257570
-0.454100
-0.352780
-0.112300
0.058594
-0.124510
-0.170900
0.026855
0.053711
-0.041504
0.092773
0.076904
0.004883
0.020752
0.185550
0.285640
0.201420
0.225830
0.048828
-0.023193
0.126950
