-0.156250
-0.103760
-0.042725
0.052490
0.090332
0.098877
0.156250
0.041504
0.101320
0.042725
0.065918
0.050049
-0.025635
-0.170900
-0.003662
0.340580
0.489500
0.286870
-0.052490
-0.103760
-0.097656
-0.106200
-0.194090
-0.152590
-0.063477
-0.003662
0.040283
0.140380
0.146480
0.181880
0.209960
0.078125
0.056152
0.213620
0.208740
0.129390
0.063477
0.212400
0.369870
0.253910
0.039063
0.073242
0.385740
0.347900
0.156250
0.017090
-0.219730
-0.534670
-0.427250
-0.211180
-0.201420
-0.046387
0.009766
-0.010986
-0.181880
-0.302730
-0.246580
-0.358890
-0.466310
-0.478520
-0.512700
-0.477290
-0.290530
-0.275880
-0.228270
-0.253910
-0.378420
-0.455320
-0.507810
-0.435790
-0.372310
-0.217290
-0.117190
-0.153810
-0.173340
-0.128170
-0.147710
-0.061035
0.061035
0.128170
-0.048828
-0.076904
-0.152590
-0.006104
0.026855
-0.366210
-0.472410
-0.595700
-0.581050
-0.411380
-0.405270
-0.300290
-0.181880
-0.246580
-0.260010
-0.134280
-0.030518
-0.208740
-0.321040
-0.413820
-0.455320
-0.474850
-0.426030
-0.191650
-0.010986
0.007324
-0.056152
0.150150
0.319820
0.550540
0.721440
0.795900
0.751950
0.893550
0.853270
0.869140
0.561520
0.253910
0.097656
0.108640
0.187990
0.209960
0.201420
0.241700
0.285640
0.206300
0.266110
0.290530
0.297850
0.225830
0.169680
0.073242
-0.035400
-0.109860
-0.148930
-0.194090
-0.183110
-0.228270
-0.249020
-0.068359
0.032959
-0.001221
-0.139160
-0.235600
-0.269780
-0.197750
-0.164790
0.017090
0.300290
0.382080
0.085449
-0.098877
0.078125
0.241700
0.366210
0.271000
0.178220
-0.001221
0.186770
0.321040
0.343020
0.472410
0.350340
0.313720
0.198970
0.238040
0.404050
0.494380
0.345460
0.302730
0.289310
-0.013428
-0.159910
-0.454100
-0.450440
-0.391850
-0.267330
-0.197750
-0.321040
-0.272220
-0.174560
0.074463
0.045166
0.039063
0.037842
0.190430
0.317380
0.332030
0.085449
-0.126950
-0.059814
0.234380
0.329590
-0.172120
-0.438230
-0.423580
-0.422360
-0.314940
-0.256350
-0.258790
-0.058594
0.100100
0.074463
0.152590
0.158690
-0.010986
-0.095215
-0.074463
-0.034180
0.013428
0.019531
0.041504
0.206300
0.389400
0.523680
0.297850
0.118410
0.111080
0.128170
0.167240
0.205080
0.108640
0.020752
0.162350
0.102540
0.219730
0.179440
0.064697
0.185550
0.279540
0.131840
-0.010986
-0.042725
-0.063477
-0.104980
-0.120850
-0.190430
-0.230710
-0.180660
0.020752
0.114750
0.190430
0.192870
0.025635
-0.358890
-0.364990
-0.371090
-0.229490
-0.187990
-0.238040
-0.163570
-0.034180
-0.015869
-0.187990
-0.279540
-0.223390
-0.234380
-0.263670
-0.249020
-0.334470
-0.286870
-0.009766
0.186770
0.411380
0.599370
0.596920
0.489500
0.462650
0.397950
0.241700
0.051270
-0.079346
-0.057373
0.015869
-0.053711
-0.072021
-0.028076
0.028076
-0.008545
-0.031738
-0.390630
-0.534670
-0.400390
-0.222170
0.008545
0.042725
0.063477
0.136720
0.238040
0.261230
0.312500
0.517580
0.571290
0.316160
0.107420
0.163570
0.010986
-0.035400
0.002441
0.068359
0.198970
0.214840
0.297850
0.378420
0.111080
-0.058594
-0.194090
-0.231930
-0.408940
-0.426030
-0.501710
-0.391850
-0.114750
0.187990
0.225830
0.158690
-0.057373
-0.091553
-0.220950
-0.151370
-0.111080
0.003662
0.291750
0.373540
0.324710
0.112300
-0.230710
-0.312500
-0.458980
-0.535890
-0.490720
-0.502930
-0.346680
-0.231930
-0.137940
0.142820
0.356450
0.454100
0.430910
0.145260
-0.136720
-0.156250
-0.192870
-0.128170
0.058594
0.250240
0.307620
0.092773
-0.125730
-0.081787
-0.042725
-0.134280
-0.172120
-0.214840
-0.227050
-0.107420
-0.020752
-0.042725
0.042725
0.179440
0.203860
0.059814
-0.045166
-0.018311
0.051270
0.065918
-0.054932
-0.042725
0.096436
0.142820
0.098877
0.070801
0.203860
0.168460
-0.100100
-0.064697
-0.039063
-0.069580
-0.271000
-0.427250
-0.491940
-0.460210
-0.299070
-0.295410
-0.321040
-0.393070
-0.374760
-0.299070
-0.083008
0.181880
0.292970
0.277100
0.241700
0.329590
0.421140
0.109860
-0.107420
0.045166
0.076904
0.028076
-0.002441
-0.111080
-0.322270
-0.356450
-0.100100
0.164790
0.347900
0.382080
0.429690
0.463870
0.427250
0.417480
0.323490
0.113530
-0.057373
-0.142820
-0.260010
-0.217290
-0.100100
0.003662
0.047607
0.037842
0.122070
0.240480
-0.019531
-0.073242
-0.229490
-0.252690
-0.240480
-0.347900
-0.145260
0.093994
0.214840
0.271000
0.311280
0.366210
0.300290
0.119630
0.113530
0.152590
0.039063
-0.141600
-0.046387
0.213620
0.512700
0.596920
0.364990
0.295410
0.072021
-0.123290
-0.206300
-0.228270
-0.303960
-0.283200
-0.241700
-0.202640
-0.139160
0.023193
0.256350
0.457760
0.278320
0.119630
-0.035400
-0.109860
-0.137940
-0.145260
-0.251460
-0.406490
-0.339360
-0.321040
-0.280760
-0.085449
0.010986
0.107420
0.035400
-0.040283
-0.048828
-0.163570
-0.111080
-0.164790
-0.241700
-0.156250
-0.008545
-0.045166
0.196530
0.277100
0.323490
0.156250
0.042725
0.028076
-0.040283
-0.135500
-0.106200
0.001221
0.142820
0.097656
0.024414
-0.202640
-0.216060
-0.225830
