-0.037842
-0.129390
-0.130620
-0.079346
0.137940
0.268550
0.336910
0.250240
0.209960
0.124510
0.028076
-0.147710
-0.213620
-0.272220
-0.295410
-0.090332
0.460210
0.659180
0.216060
0.004883
0.174560
0.224610
0.285640
0.338130
0.346680
0.373540
0.540770
0.600590
0.534670
0.550540
0.378420
0.141600
0.087891
0.129390
0.267330
0.217290
0.255130
0.397950
0.585940
0.545650
0.419920
0.283200
0.128170
0.122070
-0.168460
-0.427250
-0.396730
-0.346680
-0.435790
-0.356450
-0.236820
-0.140380
-0.051270
0.065918
0.175780
0.190430
-0.002441
-0.037842
-0.062256
-0.100100
-0.140380
-0.299070
-0.218510
-0.242920
-0.412600
-0.491940
-0.367430
-0.200200
-0.303960
-0.238040
-0.080566
-0.050049
-0.087891
-0.112300
-0.291750
-0.490720
-0.524900
-0.595700
-0.477290
-0.280760
-0.164790
-0.095215
-0.111080
-0.152590
-0.253910
-0.317380
-0.368650
-0.367430
-0.432130
-0.375980
-0.245360
-0.012207
0.017090
-0.009766
0.056152
-0.079346
-0.072021
0.100100
0.211180
0.205080
0.032959
-0.052490
-0.096436
-0.076904
-0.045166
-0.056152
-0.256350
-0.159910
0.112300
0.186770
0.300290
0.164790
0.146480
0.106200
-0.135500
-0.024414
-0.012207
-0.075684
-0.109860
0.069580
0.284420
0.406490
0.133060
-0.190430
-0.229490
0.002441
0.035400
0.048828
0.013428
-0.090332
-0.065918
0.075684
0.184330
0.229490
0.250240
0.205080
0.014648
-0.212400
-0.402830
-0.449220
-0.346680
-0.164790
0.015869
0.004883
-0.008545
-0.115970
-0.279540
-0.168460
-0.140380
0.056152
-0.155030
-0.240480
-0.113530
0.072021
0.096436
0.080566
0.000000
0.047607
0.084229
0.037842
-0.029297
0.030518
-0.031738
0.012207
-0.019531
-0.137940
-0.501710
-0.603030
-0.621340
-0.416260
-0.302730
-0.238040
-0.056152
0.161130
0.006104
-0.135500
-0.144040
-0.107420
-0.035400
-0.079346
-0.136720
-0.208740
-0.111080
0.079346
0.257570
0.187990
0.001221
-0.008545
-0.006104
0.092773
0.111080
0.153810
0.218510
0.338130
0.285640
0.168460
-0.152590
-0.249020
-0.202640
-0.035400
-0.173340
-0.245360
-0.225830
-0.136720
-0.106200
-0.043945
0.031738
-0.106200
-0.092773
-0.161130
-0.209960
-0.104980
0.187990
0.402830
0.621340
0.764160
0.488280
-0.064697
-0.266110
-0.156250
-0.065918
-0.095215
-0.206300
-0.164790
-0.086670
-0.031738
0.063477
0.101320
0.136720
-0.046387
-0.150150
-0.048828
0.075684
0.201420
0.410160
0.642090
0.496830
0.269780
0.047607
-0.185550
-0.371090
-0.391850
-0.349120
-0.364990
-0.319820
-0.113530
0.040283
0.209960
0.297850
0.285640
-0.083008
-0.144040
-0.053711
-0.051270
0.037842
0.290530
0.313720
0.302730
0.321040
0.352780
0.203860
0.057373
-0.084229
-0.252690
-0.480960
-0.540770
-0.258790
-0.015869
0.106200
0.133060
0.198970
0.206300
0.366210
0.522460
0.262450
0.085449
-0.074463
-0.113530
-0.391850
-0.339360
-0.178220
-0.017090
0.078125
0.267330
0.478520
0.478520
0.397950
0.417480
0.463870
0.466310
0.001221
-0.120850
-0.037842
0.021973
-0.015869
0.024414
-0.008545
-0.002441
0.018311
-0.008545
-0.001221
0.037842
-0.064697
-0.042725
0.050049
0.274660
0.520020
0.479740
0.231930
-0.032959
-0.228270
-0.113530
-0.146480
-0.239260
-0.181880
-0.019531
0.185550
0.395510
0.601810
0.727540
0.467530
0.123290
-0.079346
-0.115970
-0.184330
-0.026855
0.032959
0.014648
-0.048828
0.001221
0.069580
0.037842
-0.019531
-0.142820
-0.145260
-0.115970
-0.167240
-0.372310
-0.291750
-0.246580
-0.157470
-0.167240
-0.175780
-0.123290
-0.084229
-0.057373
-0.206300
-0.229490
-0.192870
-0.190430
-0.196530
-0.333250
-0.334470
-0.238040
-0.067139
0.075684
0.124510
0.070801
0.028076
0.161130
0.122070
-0.048828
-0.002441
0.013428
-0.053711
-0.059814
0.036621
0.240480
0.308840
0.092773
-0.079346
0.047607
0.081787
0.079346
-0.010986
0.190430
0.362550
0.395510
0.318600
0.341800
0.290530
0.211180
0.128170
0.175780
0.202640
0.109860
0.009766
0.015869
0.135500
0.283200
0.244140
0.217290
0.222170
0.070801
0.090332
0.208740
0.172120
0.014648
-0.111080
-0.056152
-0.048828
-0.086670
-0.158690
-0.089111
0.051270
0.134280
0.080566
-0.136720
-0.190430
-0.236820
-0.059814
-0.004883
-0.135500
-0.202640
-0.247800
-0.319820
-0.354000
-0.407710
-0.380860
-0.416260
-0.438230
-0.511470
-0.477290
-0.311280
-0.072021
0.086670
0.034180
-0.002441
0.058594
0.130620
0.136720
0.142820
0.062256
-0.061035
0.028076
0.078125
0.159910
0.307620
0.329590
0.478520
0.423580
0.327150
0.207520
0.310060
0.327150
0.268550
0.093994
0.029297
0.145260
0.061035
-0.014648
-0.007324
-0.059814
0.042725
0.200200
0.267330
0.463870
0.474850
0.272220
0.169680
0.026855
-0.051270
-0.074463
-0.061035
-0.045166
-0.001221
0.074463
0.229490
0.186770
0.195310
0.107420
-0.001221
-0.201420
-0.255130
-0.313720
-0.260010
-0.201420
-0.224610
-0.335690
-0.366210
-0.321040
-0.325930
-0.374760
-0.338130
-0.346680
-0.307620
-0.220950
-0.106200
-0.046387
-0.061035
-0.098877
-0.064697
-0.013428
-0.103760
-0.043945
-0.048828
-0.197750
-0.360110
-0.380860
-0.421140
