-0.451660
-0.466310
-0.465090
-0.571290
-0.621340
-0.552980
-0.568850
-0.552980
-0.485840
-0.473630
-0.424800
-0.382080
-0.438230
-0.366210
-0.402830
-0.511470
-0.290530
0.227050
0.535890
0.356450
-0.130620
-0.502930
-0.285640
-0.203860
-0.004883
-0.024414
0.219730
0.343020
0.510250
0.611570
0.557860
0.367430
0.148930
-0.003662
0.173340
0.097656
-0.106200
0.051270
0.177000
0.500490
0.495610
0.078125
-0.064697
-0.238040
-0.189210
-0.349120
-0.517580
-0.549320
-0.689700
-0.839840
-0.764160
-0.672610
-0.443120
-0.180660
-0.037842
0.129390
0.074463
-0.153810
-0.222170
-0.183110
-0.207520
-0.245360
-0.350340
-0.303960
-0.164790
0.024414
0.108640
0.006104
0.026855
0.073242
-0.086670
-0.040283
0.061035
-0.319820
-0.633540
-0.438230
-0.345460
-0.390630
-0.396730
-0.429690
-0.471190
-0.476070
-0.628660
-0.373540
-0.471190
-0.679930
-0.723880
-0.450440
-0.333250
-0.197750
0.131840
0.072021
0.043945
0.058594
0.062256
-0.123290
-0.482180
-0.499270
-0.407710
-0.377200
-0.504150
-0.286870
-0.179440
-0.241700
-0.367430
-0.308840
-0.084229
0.032959
0.074463
0.195310
0.245360
0.495610
0.524900
0.448000
0.168460
-0.113530
-0.399170
-0.328370
0.043945
0.312500
0.457760
0.495610
0.531010
0.578610
0.482180
0.257570
0.129390
0.052490
-0.039063
-0.069580
-0.015869
0.131840
0.341800
0.228270
-0.187990
-0.242920
-0.141600
-0.097656
-0.175780
-0.229490
-0.190430
0.040283
0.183110
0.028076
-0.167240
-0.015869
0.085449
0.262450
0.283200
0.345460
0.290530
0.214840
-0.036621
-0.140380
-0.081787
-0.227050
-0.369870
-0.373540
-0.112300
0.026855
0.075684
0.084229
0.107420
0.170900
-0.140380
-0.327150
-0.268550
-0.047607
0.024414
0.010986
0.119630
0.354000
0.305180
0.047607
0.187990
0.361330
0.141600
-0.161130
-0.146480
-0.020752
0.129390
0.404050
0.246580
-0.008545
0.021973
0.058594
0.134280
0.219730
0.211180
0.173340
0.245360
0.417480
0.610350
0.488280
0.058594
-0.017090
0.173340
0.312500
0.208740
0.115970
0.141600
0.246580
0.230710
0.148930
0.257570
0.155030
-0.141600
-0.285640
-0.086670
0.187990
0.113530
-0.080566
-0.007324
-0.001221
0.015869
0.101320
0.184330
0.119630
-0.006104
0.107420
0.175780
0.288090
0.397950
0.306400
0.006104
-0.058594
0.048828
0.119630
0.275880
0.263670
-0.026855
-0.056152
0.281980
0.319820
0.152590
0.087891
0.048828
0.083008
0.186770
0.249020
0.185550
0.067139
-0.009766
-0.069580
-0.037842
-0.048828
-0.107420
-0.025635
-0.120850
-0.118410
-0.017090
-0.017090
0.008545
0.089111
0.050049
0.120850
0.122070
-0.007324
0.065918
0.131840
0.043945
0.175780
0.267330
0.394290
0.578610
0.617680
0.341800
0.227050
0.334470
0.158690
-0.063477
-0.113530
0.017090
-0.053711
-0.074463
0.179440
0.526120
0.565190
0.310060
0.023193
-0.202640
-0.195310
-0.129390
-0.178220
-0.062256
0.059814
0.097656
0.218510
0.396730
0.419920
0.541990
0.367430
-0.026855
-0.292970
-0.327150
-0.233150
-0.034180
0.130620
0.175780
0.172120
0.379640
0.410160
0.325930
0.354000
0.539550
0.369870
0.228270
0.003662
-0.107420
-0.179440
-0.283200
-0.330810
-0.148930
-0.042725
0.078125
0.162350
-0.041504
-0.040283
0.073242
0.166020
0.087891
0.018311
-0.031738
-0.213620
-0.072021
-0.040283
-0.179440
-0.245360
-0.187990
-0.247800
-0.123290
-0.157470
-0.142820
-0.021973
0.098877
-0.032959
-0.142820
-0.173340
-0.128170
-0.249020
-0.041504
0.133060
0.202640
0.164790
0.264890
0.262450
0.042725
-0.134280
-0.070801
-0.197750
-0.314940
-0.472410
-0.346680
-0.211180
-0.140380
-0.129390
-0.101320
0.023193
0.148930
0.238040
0.098877
-0.087891
0.018311
0.251460
0.178220
0.042725
-0.102540
-0.223390
-0.064697
0.014648
0.161130
0.225830
0.271000
0.278320
0.295410
0.411380
0.385740
0.205080
0.059814
-0.006104
0.125730
0.086670
0.002441
0.025635
0.244140
0.334470
0.251460
0.076904
-0.262450
-0.238040
-0.262450
-0.224610
-0.166020
-0.026855
0.004883
0.098877
0.041504
0.159910
0.062256
0.015869
0.040283
0.002441
-0.152590
-0.096436
-0.157470
-0.153810
-0.112300
-0.050049
-0.080566
-0.045166
-0.039063
-0.068359
0.026855
0.064697
0.084229
-0.010986
-0.076904
-0.057373
-0.128170
-0.184330
-0.111080
-0.151370
-0.214840
-0.233150
-0.255130
-0.198970
-0.091553
-0.078125
-0.128170
-0.294190
-0.198970
-0.086670
-0.035400
0.103760
0.219730
0.220950
0.112300
0.229490
0.212400
0.256350
0.241700
0.173340
-0.069580
-0.123290
-0.074463
-0.103760
-0.018311
0.084229
0.059814
-0.130620
-0.317380
-0.344240
-0.302730
-0.350340
-0.303960
-0.228270
-0.144040
-0.036621
-0.007324
0.007324
-0.150150
-0.286870
-0.289310
-0.268550
-0.173340
-0.271000
-0.325930
-0.295410
-0.137940
-0.063477
0.076904
-0.100100
-0.291750
-0.388180
-0.445560
-0.391850
-0.441890
-0.393070
-0.346680
-0.334470
-0.236820
-0.140380
-0.003662
0.106200
-0.098877
-0.206300
-0.255130
-0.147710
-0.241700
-0.290530
-0.256350
-0.147710
-0.128170
0.069580
0.329590
0.220950
-0.012207
-0.070801
-0.013428
-0.001221
