-0.432130
-0.418700
-0.411380
-0.297850
-0.183110
-0.084229
0.058594
0.321040
0.349120
0.277100
0.141600
-0.036621
-0.277100
-0.349120
-0.207520
0.002441
0.249020
0.245360
0.106200
0.024414
-0.097656
-0.036621
-0.107420
-0.142820
-0.078125
0.206300
0.161130
0.242920
0.010986
-0.201420
-0.356450
-0.489500
-0.522460
-0.582280
-0.629880
-0.333250
-0.029297
0.039063
0.078125
0.042725
-0.253910
-0.209960
-0.185550
-0.217290
-0.028076
-0.002441
-0.145260
-0.250240
-0.354000
-0.347900
-0.074463
-0.076904
-0.222170
-0.120850
-0.076904
0.014648
0.010986
0.014648
-0.043945
-0.194090
-0.177000
-0.136720
-0.133060
-0.119630
-0.196530
-0.079346
0.028076
0.053711
-0.118410
-0.150150
-0.198970
-0.140380
-0.083008
0.062256
0.187990
0.056152
-0.009766
-0.067139
0.072021
0.136720
0.079346
0.001221
-0.101320
-0.065918
-0.205080
-0.190430
-0.260010
-0.255130
-0.090332
-0.058594
0.051270
0.346680
0.263670
-0.067139
-0.053711
-0.115970
-0.355220
-0.305180
-0.206300
-0.035400
-0.118410
0.029297
0.028076
0.227050
0.419920
0.391850
0.389400
0.488280
0.550540
0.280760
-0.058594
-0.045166
0.065918
0.177000
0.236820
0.354000
0.249020
0.216060
0.177000
0.233150
0.177000
0.278320
0.126950
0.125730
0.286870
0.255130
0.103760
0.140380
0.355220
0.375980
0.170900
0.122070
0.227050
0.300290
0.311280
-0.141600
-0.185550
-0.203860
-0.347900
-0.433350
-0.364990
-0.274660
-0.147710
0.194090
0.399170
0.336910
0.249020
-0.026855
-0.325930
-0.312500
-0.202640
-0.267330
-0.246580
-0.290530
-0.098877
-0.058594
-0.178220
-0.050049
0.100100
-0.046387
-0.024414
0.146480
0.211180
0.059814
-0.090332
-0.140380
-0.008545
-0.035400
-0.097656
-0.073242
-0.073242
-0.208740
-0.253910
-0.400390
-0.450440
-0.347900
-0.059814
0.102540
0.129390
0.015869
0.000000
-0.090332
-0.135500
-0.125730
-0.135500
-0.102540
0.023193
-0.032959
-0.048828
0.087891
0.073242
0.141600
0.247800
0.227050
0.008545
-0.114750
-0.014648
0.118410
-0.012207
-0.048828
-0.052490
-0.122070
-0.218510
-0.155030
0.104980
-0.025635
-0.223390
-0.313720
-0.118410
0.095215
0.167240
0.200200
0.239260
0.407710
0.360110
0.281980
0.412600
0.185550
-0.191650
-0.264890
-0.299070
-0.250240
-0.200200
-0.139160
-0.179440
-0.145260
0.079346
0.117190
0.069580
0.194090
0.328370
0.191650
0.174560
0.096436
-0.058594
-0.026855
-0.029297
-0.096436
-0.183110
0.014648
0.162350
0.216060
0.347900
0.035400
-0.129390
-0.043945
-0.122070
-0.355220
-0.423580
-0.242920
-0.048828
0.037842
-0.104980
-0.001221
-0.147710
-0.169680
-0.075684
-0.212400
-0.377200
-0.233150
-0.068359
0.072021
0.194090
0.111080
0.150150
0.240480
0.150150
0.093994
-0.057373
-0.164790
-0.183110
-0.084229
-0.045166
-0.024414
0.076904
0.129390
-0.059814
-0.100100
-0.106200
-0.123290
-0.113530
-0.070801
-0.019531
-0.014648
0.009766
-0.198970
-0.148930
-0.003662
0.065918
0.079346
0.114750
0.114750
0.124510
0.057373
0.046387
-0.064697
-0.075684
0.050049
0.222170
0.231930
0.223390
0.061035
0.056152
0.133060
0.135500
-0.064697
-0.179440
-0.130620
0.085449
0.318600
0.372310
0.496830
0.644530
0.704350
0.449220
0.261230
0.047607
0.002441
0.072021
0.106200
-0.028076
-0.102540
-0.058594
-0.030518
0.111080
0.306400
0.489500
0.454100
0.435790
0.489500
0.574950
0.614010
0.483400
0.225830
-0.010986
-0.139160
-0.181880
-0.198970
-0.197750
-0.294190
-0.311280
-0.072021
0.183110
0.191650
0.234380
0.256350
0.201420
0.170900
0.045166
-0.010986
0.102540
0.107420
0.002441
-0.325930
-0.452880
-0.466310
-0.321040
-0.112300
0.050049
0.117190
-0.073242
0.000000
-0.078125
-0.141600
-0.168460
-0.181880
-0.278320
-0.336910
-0.303960
-0.089111
0.083008
0.163570
0.134280
0.067139
-0.048828
-0.093994
-0.230710
-0.279540
-0.178220
-0.136720
-0.056152
0.101320
0.053711
0.113530
0.252690
0.373540
0.330810
0.338130
0.317380
0.225830
0.026855
-0.134280
-0.067139
-0.003662
0.054932
0.131840
0.230710
0.324710
0.444340
0.311280
0.300290
0.362550
0.399170
0.372310
0.233150
-0.028076
-0.220950
-0.118410
-0.050049
-0.091553
-0.090332
-0.111080
-0.115970
-0.216060
-0.455320
-0.516360
-0.415040
-0.261230
-0.219730
-0.148930
-0.039063
0.102540
0.155030
0.316160
0.394290
0.375980
0.178220
-0.037842
-0.283200
-0.443120
-0.684810
-0.708010
-0.668950
-0.740970
-0.623780
-0.482180
-0.128170
0.200200
0.308840
0.413820
0.465090
0.501710
0.202640
0.092773
0.113530
0.087891
0.080566
-0.020752
0.061035
0.068359
-0.070801
-0.202640
-0.245360
-0.377200
-0.444340
-0.437010
-0.390630
-0.318600
-0.152590
-0.079346
-0.081787
-0.070801
-0.029297
-0.003662
0.050049
0.037842
-0.068359
-0.062256
-0.091553
-0.140380
-0.202640
-0.311280
-0.295410
-0.328370
-0.264890
-0.084229
0.169680
0.256350
0.238040
0.129390
0.142820
0.097656
0.030518
-0.163570
-0.209960
-0.157470
0.069580
0.220950
0.322270
0.395510
0.332030
0.185550
0.113530
-0.046387
-0.197750
-0.354000
-0.393070
-0.258790
-0.058594
-0.026855
