0.018311
-0.003662
-0.284420
-0.375980
-0.228270
-0.220950
-0.191650
-0.187990
-0.100100
-0.118410
-0.153810
-0.059814
-0.024414
-0.140380
0.042725
0.356450
0.290530
0.170900
0.117190
0.070801
0.153810
0.225830
0.218510
0.244140
0.440670
0.531010
0.435790
0.490720
0.484620
0.228270
-0.032959
-0.111080
0.042725
0.046387
0.224610
0.242920
0.300290
0.333250
0.352780
0.445560
0.434570
0.310060
0.190430
0.146480
0.046387
0.181880
-0.006104
-0.034180
-0.190430
-0.218510
-0.264890
-0.141600
-0.023193
0.069580
0.136720
0.172120
0.130620
-0.035400
-0.273440
-0.290530
-0.285640
-0.194090
0.098877
0.307620
0.399170
0.291750
0.288090
0.137940
0.104980
-0.057373
-0.164790
-0.256350
-0.332030
-0.208740
0.150150
0.244140
0.135500
-0.040283
-0.068359
-0.012207
-0.153810
-0.328370
-0.289310
-0.093994
0.112300
0.095215
-0.202640
-0.100100
-0.063477
-0.041504
0.057373
0.274660
0.384520
0.264890
-0.042725
-0.048828
0.036621
0.010986
-0.198970
-0.362550
-0.142820
-0.021973
0.098877
-0.062256
0.084229
0.145260
-0.021973
0.080566
0.203860
0.158690
0.057373
0.000000
-0.191650
-0.085449
-0.129390
-0.096436
-0.024414
0.064697
0.136720
0.494380
0.721440
0.610350
0.651860
0.388180
0.061035
-0.001221
0.079346
0.155030
0.172120
0.258790
0.301510
0.076904
-0.181880
-0.186770
-0.310060
-0.200200
-0.174560
-0.130620
-0.271000
-0.257570
-0.263670
-0.119630
0.128170
0.004883
-0.008545
-0.003662
-0.050049
-0.061035
0.043945
-0.144040
-0.593260
-0.742190
-0.581050
-0.444340
-0.362550
-0.317380
-0.168460
-0.155030
0.007324
0.214840
-0.083008
-0.372310
-0.155030
-0.061035
-0.017090
0.281980
0.496830
0.341800
0.120850
0.085449
0.034180
0.001221
-0.119630
-0.206300
-0.153810
0.001221
0.104980
0.173340
0.496830
0.408940
0.239260
0.235600
0.112300
-0.133060
-0.327150
-0.477290
-0.505370
-0.443120
-0.352780
-0.004883
0.122070
-0.031738
-0.234380
-0.139160
-0.007324
0.012207
-0.125730
-0.391850
-0.572510
-0.540770
-0.369870
-0.382080
-0.247800
-0.192870
-0.264890
-0.356450
-0.256350
-0.004883
-0.018311
-0.190430
-0.272220
-0.278320
-0.328370
-0.450440
-0.437010
-0.251460
-0.198970
-0.290530
-0.106200
-0.002441
-0.153810
-0.118410
-0.075684
-0.100100
-0.130620
-0.128170
0.026855
0.134280
0.233150
0.339360
0.328370
0.288090
0.137940
0.130620
0.007324
-0.052490
-0.218510
-0.240480
-0.034180
0.253910
0.428470
0.144040
-0.208740
-0.260010
-0.112300
-0.190430
-0.103760
-0.288090
-0.263670
-0.107420
0.001221
0.224610
0.444340
0.183110
-0.018311
-0.029297
0.056152
0.150150
0.173340
0.057373
0.104980
-0.007324
0.074463
0.292970
0.329590
0.277100
0.363770
0.472410
0.421140
0.367430
0.159910
0.013428
-0.007324
-0.129390
-0.211180
-0.040283
0.236820
0.206300
-0.037842
-0.189210
-0.057373
0.201420
0.053711
-0.113530
0.030518
0.051270
-0.111080
-0.124510
-0.090332
-0.004883
0.225830
0.333250
0.338130
-0.069580
-0.362550
-0.284420
-0.032959
-0.024414
0.021973
0.021973
-0.007324
0.098877
0.332030
0.616460
0.753170
0.639650
0.423580
0.284420
0.174560
0.192870
0.133060
0.064697
-0.039063
-0.021973
0.007324
0.064697
0.274660
0.388180
0.240480
-0.010986
0.002441
0.157470
0.057373
-0.081787
-0.262450
-0.242920
-0.047607
0.379640
0.433350
0.452880
0.319820
0.026855
-0.069580
-0.205080
-0.081787
0.147710
0.197750
0.140380
0.157470
0.321040
0.661620
0.509030
0.367430
0.167240
0.170900
0.093994
-0.067139
0.047607
0.168460
0.014648
-0.039063
0.056152
0.018311
0.068359
0.067139
-0.076904
-0.195310
-0.240480
-0.163570
-0.080566
0.173340
0.341800
0.357670
0.380860
0.371090
0.230710
0.157470
0.205080
0.126950
0.167240
0.191650
0.113530
0.036621
-0.198970
-0.174560
-0.208740
-0.076904
-0.046387
0.006104
0.018311
-0.069580
0.039063
0.111080
0.051270
-0.026855
-0.028076
0.013428
-0.074463
-0.084229
0.195310
0.289310
0.185550
0.299070
0.228270
-0.083008
-0.187990
-0.167240
-0.163570
-0.201420
-0.129390
0.107420
0.175780
0.153810
0.031738
0.036621
-0.020752
-0.079346
-0.117190
-0.252690
-0.424800
-0.250240
0.018311
0.073242
0.233150
0.336910
0.355220
0.338130
0.192870
-0.041504
-0.133060
-0.141600
-0.118410
-0.012207
0.008545
-0.054932
-0.089111
0.012207
0.026855
0.032959
0.091553
0.100100
-0.050049
0.041504
-0.009766
0.030518
0.103760
0.137940
0.161130
0.268550
0.261230
0.227050
0.227050
0.194090
-0.012207
-0.216060
-0.296630
-0.521240
-0.570070
-0.438230
-0.356450
-0.120850
0.112300
0.214840
-0.211180
-0.407710
-0.390630
-0.357670
-0.283200
-0.281980
-0.467530
-0.639650
-0.684810
-0.567630
-0.329590
-0.185550
0.001221
-0.115970
-0.157470
-0.181880
-0.152590
-0.163570
-0.030518
-0.102540
-0.120850
-0.098877
-0.166020
-0.075684
-0.030518
-0.102540
-0.170900
-0.163570
-0.157470
-0.322270
-0.341800
-0.351560
-0.262450
-0.093994
0.010986
0.078125
0.242920
0.321040
0.305180
0.169680
-0.058594
-0.303960
-0.360110
-0.419920
-0.499270
-0.463870
-0.288090
