-0.269780
-0.457760
-0.517580
-0.441890
-0.377200
-0.229490
-0.059814
0.040283
0.103760
0.185550
0.079346
-0.019531
-0.035400
0.030518
0.002441
-0.104980
-0.070801
0.374760
0.693360
0.488280
0.306400
0.137940
0.057373
0.067139
0.187990
0.306400
0.391850
0.626220
0.618900
0.654300
0.676270
0.617680
0.327150
0.194090
-0.004883
-0.141600
-0.261230
-0.253910
-0.051270
-0.053711
-0.124510
-0.195310
-0.146480
0.054932
0.275880
0.334470
0.208740
-0.156250
-0.104980
-0.134280
-0.173340
-0.239260
-0.275880
-0.339360
-0.260010
-0.255130
-0.246580
-0.279540
-0.292970
-0.343020
-0.314940
-0.460210
-0.590820
-0.659180
-0.653080
-0.590820
-0.605470
-0.816650
-1.037600
-1.151100
-1.112100
-1.152300
-1.207300
-1.423300
-1.475800
-1.480700
-1.453900
-1.451400
-1.413600
-1.320800
-1.186500
-1.030300
-0.867920
-0.748290
-0.588380
-0.451660
-0.288090
-0.046387
-0.004883
0.024414
0.155030
0.271000
0.477290
0.389400
0.368650
0.405270
0.517580
0.864260
0.559080
0.300290
0.355220
0.494380
0.476070
0.345460
0.324710
0.218510
0.190430
0.186770
0.167240
0.369870
0.589600
0.908200
1.019300
1.245100
1.304900
1.297600
1.208500
0.974120
0.825200
0.676270
0.482180
0.456540
0.333250
0.217290
0.205080
0.102540
0.029297
0.047607
0.179440
0.161130
0.067139
0.046387
0.089111
0.090332
0.080566
-0.191650
-0.043945
0.085449
-0.250240
-0.303960
-0.405270
-0.325930
-0.181880
-0.158690
-0.131840
-0.102540
-0.129390
-0.146480
-0.229490
-0.100100
-0.065918
-0.214840
-0.405270
-0.405270
-0.377200
-0.170900
0.004883
0.058594
0.041504
0.175780
0.343020
0.372310
0.576170
0.725100
0.701900
0.794680
1.082800
0.682370
0.236820
-0.037842
0.051270
0.200200
0.031738
-0.213620
-0.491940
-0.648190
-0.651860
-0.651860
-0.589600
-0.534670
-0.523680
-0.445560
-0.401610
-0.306400
-0.253910
-0.169680
-0.061035
0.050049
0.186770
0.238040
0.050049
-0.231930
-0.062256
0.068359
0.083008
0.186770
0.299070
0.430910
0.393070
0.235600
0.303960
0.085449
-0.111080
-0.141600
-0.192870
-0.272220
-0.056152
0.081787
0.139160
0.141600
0.034180
-0.023193
-0.047607
-0.069580
0.047607
0.114750
0.135500
0.391850
0.117190
-0.146480
-0.208740
-0.207520
-0.198970
-0.360110
-0.218510
0.216060
0.421140
0.142820
-0.118410
-0.014648
0.008545
-0.140380
-0.191650
-0.202640
-0.179440
-0.095215
-0.068359
0.012207
0.107420
0.083008
-0.087891
-0.240480
-0.209960
-0.280760
-0.260010
-0.209960
-0.295410
-0.316160
-0.100100
-0.187990
-0.207520
-0.080566
0.007324
0.030518
0.111080
0.134280
0.195310
0.152590
0.184330
0.185550
0.292970
0.198970
0.102540
0.053711
0.032959
0.072021
0.192870
0.218510
0.380860
0.480960
0.266110
0.217290
0.219730
0.329590
0.258790
0.147710
0.013428
-0.043945
-0.113530
-0.202640
-0.241700
-0.203860
-0.202640
-0.179440
-0.115970
-0.122070
-0.213620
-0.087891
0.115970
0.332030
0.313720
0.089111
-0.054932
0.007324
0.255130
0.439450
0.467530
0.240480
0.009766
-0.054932
0.059814
0.169680
0.258790
0.234380
0.122070
0.076904
0.133060
0.168460
0.175780
0.172120
0.075684
-0.079346
-0.069580
0.118410
0.228270
0.308840
0.312500
0.371090
0.302730
0.366210
0.345460
0.120850
-0.021973
-0.190430
-0.185550
-0.021973
-0.004883
-0.118410
-0.196530
-0.107420
-0.012207
0.114750
0.129390
0.109860
0.281980
0.242920
0.122070
0.212400
0.151370
-0.137940
-0.150150
-0.136720
-0.179440
-0.286870
-0.263670
-0.247800
-0.134280
0.192870
0.397950
0.601810
0.307620
0.074463
0.069580
0.063477
0.126950
0.122070
0.169680
0.109860
0.255130
0.371090
0.288090
0.257570
0.430910
0.284420
0.220950
0.216060
0.201420
0.183110
0.097656
0.063477
0.004883
-0.073242
-0.159910
-0.245360
-0.139160
-0.153810
-0.119630
0.046387
0.189210
0.184330
0.118410
-0.051270
-0.191650
-0.184330
-0.107420
-0.189210
-0.198970
-0.153810
0.041504
-0.023193
-0.209960
-0.434570
-0.593260
-0.538330
-0.512700
-0.494380
-0.507810
-0.424800
-0.249020
-0.240480
-0.187990
-0.162350
-0.078125
-0.130620
-0.179440
-0.235600
-0.299070
-0.307620
-0.223390
-0.351560
-0.484620
-0.469970
-0.404050
-0.144040
-0.112300
-0.202640
-0.214840
-0.187990
-0.223390
-0.247800
-0.275880
-0.399170
-0.573730
-0.601810
-0.421140
-0.350340
-0.236820
-0.018311
0.144040
0.256350
0.196530
0.159910
0.098877
0.086670
0.166020
0.223390
0.106200
0.024414
0.068359
0.175780
0.380860
0.495610
0.312500
0.053711
-0.218510
-0.350340
-0.371090
-0.528560
-0.581050
-0.576170
-0.572510
-0.482180
-0.261230
0.043945
0.163570
0.194090
0.234380
0.290530
0.336910
0.397950
0.263670
0.028076
-0.025635
-0.067139
-0.190430
-0.161130
-0.140380
-0.030518
0.056152
0.076904
0.123290
0.015869
0.098877
0.217290
0.195310
0.093994
0.073242
0.096436
0.069580
0.053711
-0.041504
0.010986
-0.001221
0.045166
0.163570
0.290530
0.148930
0.246580
0.285640
0.245360
0.357670
0.360110
0.377200
0.340580
0.288090
0.274660
0.449220
0.362550
0.192870
0.062256
