0.292970
0.324710
0.162350
0.117190
0.003662
0.047607
0.173340
0.166020
0.102540
0.029297
0.133060
0.050049
-0.028076
-0.084229
0.046387
0.229490
0.483400
0.726320
0.706790
0.686040
0.623780
0.827640
1.026600
1.187700
0.788570
0.709230
0.626220
0.856930
0.965580
1.107200
1.068100
0.908200
0.762940
0.949710
0.765380
0.480960
0.218510
0.183110
0.246580
0.198970
0.152590
0.111080
0.096436
-0.057373
-0.073242
-0.144040
-0.321040
-0.594480
-0.773930
-0.878910
-0.916750
-1.027800
-1.065700
-1.086400
-1.147500
-1.173100
-1.075400
-1.030300
-0.979000
-1.009500
-0.942380
-0.888670
-0.941160
-1.038800
-1.148700
-1.160900
-1.193800
-1.173100
-1.113300
-1.106000
-1.120600
-1.082800
-1.071800
-1.174300
-1.196300
-1.208500
-1.230500
-1.257300
-1.206100
-1.118200
-1.049800
-1.031500
-1.020500
-0.985110
-0.935060
-0.804440
-0.697020
-0.655520
-0.605470
-0.593260
-0.589600
-0.544430
-0.501710
-0.382080
-0.361330
-0.296630
-0.186770
-0.056152
0.190430
0.417480
0.803220
1.342800
1.894500
2.309600
2.589100
2.948000
3.007800
2.554900
2.669700
2.552500
2.232700
2.119100
1.787100
1.545400
1.402600
1.201200
1.148700
0.909420
0.578610
0.411380
0.479740
0.791020
1.112100
1.230500
1.409900
1.613800
1.538100
1.420900
1.243900
1.120600
0.994870
0.806880
0.667720
0.595700
0.531010
0.426030
0.300290
0.233150
0.128170
-0.026855
-0.129390
-0.184330
-0.317380
-0.469970
-0.671390
-0.817870
-0.972900
-0.971680
-1.022900
-1.138900
-1.180400
-1.175500
-1.235400
-1.270800
-1.291500
-1.414800
-1.458700
-1.452600
-1.389200
-1.381800
-1.351300
-1.280500
-1.291500
-1.208500
-1.174300
-1.197500
-1.129200
-1.071800
-1.014400
-0.899660
-0.816650
-0.842290
-0.838620
-0.791020
-0.668950
-0.506590
-0.418700
-0.416260
-0.312500
-0.196530
-0.118410
0.009766
0.095215
0.113530
0.140380
0.223390
0.307620
0.368650
0.363770
0.372310
0.434570
0.511470
0.582280
0.688480
0.714110
0.767820
0.837400
0.920410
1.016800
1.069300
1.162100
1.302500
1.386700
1.417200
1.400100
1.678500
1.865200
1.772500
1.483200
1.315900
1.230500
1.143800
1.428200
1.523400
1.483200
1.054700
0.927730
1.046100
0.982670
0.932620
0.705570
0.551760
0.479740
0.389400
0.324710
0.260010
0.170900
0.109860
-0.074463
-0.336910
-0.505370
-0.590820
-0.665280
-0.666500
-0.697020
-0.815430
-0.852050
-0.878910
-1.052200
-1.184100
-1.261000
-1.290300
-1.148700
-1.016800
-1.004600
-1.032700
-0.941160
-0.876460
-0.838620
-0.783690
-0.687260
-0.761720
-0.697020
-0.600590
-0.482180
-0.400390
-0.379640
-0.400390
-0.393070
-0.389400
-0.395510
-0.296630
-0.106200
0.014648
0.126950
0.201420
0.203860
0.133060
-0.004883
-0.148930
-0.236820
-0.183110
-0.284420
-0.257570
-0.189210
-0.233150
-0.206300
-0.230710
-0.427250
-0.501710
-0.500490
-0.157470
-0.100100
-0.080566
-0.136720
-0.133060
-0.195310
-0.079346
0.108640
0.006104
-0.096436
-0.091553
-0.070801
-0.227050
-0.290530
-0.283200
-0.303960
-0.368650
-0.418700
-0.466310
-0.382080
-0.338130
-0.356450
-0.421140
-0.605470
-0.697020
-0.679930
-0.703130
-0.870360
-0.905760
-0.936280
-0.955810
-1.005900
-1.071800
-1.099900
-1.176800
-1.231700
-1.169400
-1.156000
-1.123000
-1.055900
-1.095000
-1.090100
-1.081500
-1.024200
-0.937500
-0.871580
-0.816650
-0.786130
-0.725100
-0.693360
-0.610350
-0.559080
-0.511470
-0.439450
-0.333250
-0.378420
-0.322270
-0.229490
-0.172120
0.003662
-0.003662
-0.070801
0.058594
0.030518
0.135500
0.191650
0.291750
0.350340
0.247800
0.451660
0.695800
0.823970
1.135300
1.359900
1.516100
1.704100
1.970200
1.882300
1.718800
1.643100
1.645500
1.710200
1.536900
1.568600
1.265900
0.981450
0.914310
1.077900
1.068100
0.925290
0.832520
0.839840
0.817870
0.836180
0.960690
0.876460
0.786130
0.677490
0.617680
0.565190
0.177000
-0.009766
0.046387
0.025635
0.020752
-0.122070
-0.233150
-0.277100
-0.393070
-0.511470
-0.654300
-0.769040
-0.859380
-1.101100
-1.165800
-1.248800
-1.235400
-1.204800
-1.178000
-1.073000
-1.081500
-1.013200
-0.919190
-0.927730
-0.863040
-0.751950
-0.563960
-0.455320
-0.396730
-0.334470
-0.368650
-0.385740
-0.457760
-0.317380
-0.163570
-0.100100
-0.065918
-0.117190
-0.079346
0.024414
-0.064697
-0.017090
-0.061035
-0.225830
-0.152590
-0.179440
-0.225830
-0.230710
-0.174560
-0.069580
-0.145260
-0.057373
0.242920
0.159910
0.074463
0.070801
0.169680
0.275880
0.180660
0.098877
0.106200
-0.067139
-0.224610
-0.264890
-0.312500
-0.427250
-0.427250
-0.308840
-0.340580
-0.399170
-0.435790
-0.360110
-0.234380
-0.273440
-0.327150
-0.349120
-0.393070
-0.366210
-0.429690
-0.321040
-0.275880
-0.286870
-0.241700
-0.186770
-0.219730
-0.280760
-0.408940
-0.402830
-0.437010
-0.491940
-0.444340
-0.334470
-0.123290
0.051270
0.118410
0.291750
0.466310
0.651860
0.637210
0.732420
0.827640
0.925290
1.135300
1.412400
1.331800
1.059600
0.989990
1.004600
0.899660
0.980220
0.968020
0.919190
0.761720
0.609130
0.527340
0.410160
0.396730
0.345460
0.297850
