-0.098877
-0.057373
-0.064697
0.029297
0.069580
0.117190
0.196530
0.202640
0.155030
0.111080
0.214840
0.251460
0.172120
0.063477
0.222170
0.549320
0.927730
1.060800
1.136500
0.806880
0.520020
0.543210
0.538330
0.476070
0.197750
0.133060
0.307620
0.501710
0.686040
0.656740
0.726320
0.611570
0.527340
0.366210
0.192870
0.101320
-0.083008
-0.161130
-0.051270
0.168460
0.278320
0.135500
-0.051270
-0.211180
-0.351560
-0.583500
-0.731200
-0.947270
-1.092500
-1.124300
-1.197500
-1.287800
-1.270800
-1.304900
-1.427000
-1.466100
-1.615000
-1.650400
-1.619900
-1.516100
-1.483200
-1.411100
-1.333000
-1.337900
-1.441700
-1.414800
-1.420900
-1.391600
-1.351300
-1.351300
-1.362300
-1.356200
-1.325700
-1.272000
-1.315900
-1.292700
-1.256100
-1.213400
-1.187700
-1.140100
-1.141400
-1.137700
-1.118200
-1.065700
-0.982670
-0.869140
-0.821530
-0.771480
-0.665280
-0.692140
-0.621340
-0.477290
-0.417480
-0.407710
-0.379640
-0.317380
-0.218510
-0.087891
0.129390
0.415040
0.865480
1.362300
1.773700
2.055700
2.247300
2.360800
2.672100
2.817400
2.978500
2.789300
2.722200
2.426800
2.316900
2.348600
2.045900
1.600300
1.220700
0.811770
0.533450
0.499270
0.279540
0.316160
0.413820
0.415040
0.698240
0.861820
1.143800
1.430700
1.502700
1.486800
1.401400
1.225600
1.074200
0.942380
0.720210
0.589600
0.512700
0.551760
0.559080
0.483400
0.467530
0.279540
0.129390
0.104980
0.012207
-0.090332
-0.351560
-0.578610
-0.716550
-0.847170
-1.020500
-1.196300
-1.302500
-1.472200
-1.558800
-1.557600
-1.644300
-1.606400
-1.505100
-1.554000
-1.604000
-1.566200
-1.657700
-1.710200
-1.682100
-1.566200
-1.495400
-1.429400
-1.315900
-1.218300
-1.200000
-1.086400
-0.950930
-0.938720
-0.914310
-0.889890
-0.834960
-0.832520
-0.772710
-0.656740
-0.527340
-0.551760
-0.472410
-0.367430
-0.207520
-0.123290
-0.013428
0.079346
0.252690
0.402830
0.501710
0.528560
0.526120
0.617680
0.605470
0.515140
0.520020
0.523680
0.484620
0.494380
0.605470
0.571290
0.576170
0.721440
0.882570
1.016800
1.253700
1.495400
1.843300
2.006800
2.069100
2.130100
2.023900
1.868900
1.788300
1.541700
1.362300
1.339100
1.474600
1.441700
1.366000
1.203600
1.189000
1.132800
0.959470
0.762940
0.533450
0.382080
0.418700
0.360110
0.244140
0.134280
0.069580
-0.140380
-0.407710
-0.506590
-0.604250
-0.742190
-0.810550
-0.783690
-0.748290
-0.860600
-0.921630
-0.972900
-1.015600
-1.025400
-1.013200
-1.074200
-1.038800
-0.989990
-0.974120
-0.954590
-1.066900
-1.101100
-1.152300
-1.196300
-1.210900
-1.242700
-1.207300
-1.142600
-1.091300
-1.093800
-1.070600
-1.046100
-1.079100
-1.053500
-1.055900
-1.081500
-1.064500
-1.035200
-0.952150
-0.850830
-0.673830
-0.610350
-0.606690
-0.465090
-0.334470
-0.080566
0.142820
0.472410
0.759280
1.180400
1.588100
1.669900
1.657700
1.545400
1.545400
1.462400
1.374500
1.228000
1.098600
0.969240
0.871580
1.075400
0.932620
0.664060
0.548100
0.576170
0.725100
0.643310
0.610350
0.577390
0.659180
0.638430
0.572510
0.361330
0.307620
0.205080
0.200200
0.288090
0.330810
0.340580
0.230710
0.185550
0.185550
0.074463
-0.046387
-0.103760
-0.213620
-0.383300
-0.419920
-0.455320
-0.507810
-0.550540
-0.572510
-0.510250
-0.561520
-0.678710
-0.778810
-0.845950
-0.893550
-1.013200
-1.101100
-1.125500
-1.029100
-0.935060
-1.069300
-1.103500
-1.071800
-1.055900
-0.986330
-1.027800
-1.120600
-1.147500
-1.098600
-1.126700
-1.060800
-1.013200
-0.963130
-0.856930
-0.788570
-0.800780
-0.615230
-0.385740
-0.231930
-0.045166
0.018311
0.057373
0.084229
-0.043945
-0.062256
-0.050049
-0.097656
-0.137940
-0.174560
-0.213620
-0.108640
-0.002441
0.175780
0.260010
0.108640
0.023193
-0.006104
-0.021973
0.008545
0.039063
0.034180
-0.009766
0.164790
0.244140
0.207520
0.211180
0.078125
0.152590
0.222170
0.306400
0.374760
0.407710
0.384520
0.349120
0.355220
0.311280
0.137940
0.087891
0.078125
-0.021973
-0.113530
-0.139160
-0.203860
-0.241700
-0.349120
-0.463870
-0.478520
-0.571290
-0.690920
-0.727540
-0.762940
-0.727540
-0.795900
-0.762940
-0.772710
-0.908200
-1.004600
-1.013200
-0.904540
-0.823970
-0.858150
-0.797120
-0.722660
-0.642090
-0.609130
-0.566410
-0.535890
-0.517580
-0.314940
-0.230710
-0.164790
-0.063477
-0.134280
0.002441
0.080566
0.202640
0.305180
0.495610
0.509030
0.568850
0.550540
0.629880
0.645750
0.563960
0.677490
0.764160
0.728760
0.706790
0.952150
0.946040
0.863040
0.861820
0.858150
0.736080
0.659180
0.589600
0.582280
0.762940
0.819090
0.678710
0.645750
0.743410
0.732420
0.671390
0.632320
0.424800
0.341800
0.462650
0.548100
0.428470
0.168460
0.177000
0.238040
0.209960
0.184330
0.239260
0.290530
0.267330
0.202640
0.156250
-0.007324
0.084229
0.078125
0.131840
0.219730
0.142820
0.051270
0.028076
0.057373
0.025635
-0.085449
-0.098877
-0.155030
-0.181880
-0.109860
-0.058594
0.030518
0.039063
-0.028076
-0.078125
-0.126950
-0.112300
-0.037842
-0.111080
