-0.175780
0.001221
0.086670
0.251460
0.192870
0.152590
0.134280
-0.036621
-0.198970
-0.266110
-0.178220
-0.039063
0.039063
-0.085449
-0.081787
0.046387
0.374760
0.845950
0.889890
0.817870
0.802000
0.467530
0.516360
0.596920
0.478520
0.318600
0.091553
0.054932
0.343020
0.493160
0.524900
0.749510
0.815430
0.838620
0.585940
0.432130
0.369870
0.501710
0.612790
0.418700
0.078125
0.163570
0.338130
0.354000
0.170900
-0.008545
-0.126950
-0.239260
-0.255130
-0.372310
-0.638430
-0.794680
-0.915530
-1.007100
-0.941160
-0.989990
-1.009500
-1.022900
-1.076700
-1.208500
-1.297600
-1.336700
-1.398900
-1.405000
-1.492900
-1.530800
-1.596700
-1.650400
-1.673600
-1.669900
-1.684600
-1.673600
-1.624800
-1.577100
-1.552700
-1.610100
-1.552700
-1.517300
-1.445300
-1.372100
-1.314700
-1.239000
-1.175500
-1.192600
-1.066900
-0.976560
-0.867920
-0.783690
-0.705570
-0.639650
-0.526120
-0.487060
-0.458980
-0.388180
-0.312500
-0.260010
-0.187990
-0.157470
-0.029297
0.181880
0.357670
0.668950
1.065700
1.521000
1.906700
2.196000
2.498800
2.828400
2.961400
2.967500
2.993200
2.939500
2.911400
2.825900
2.670900
2.530500
2.478000
2.377900
2.246100
1.698000
1.364700
0.968020
0.330810
-0.046387
0.020752
0.231930
0.600590
0.769040
1.063200
1.295200
1.456300
1.688200
1.853000
1.735800
1.477100
1.228000
1.009500
1.008300
1.195100
1.397700
1.445300
1.221900
0.897220
0.650630
0.404050
0.190430
-0.108640
-0.308840
-0.614010
-0.853270
-1.035200
-1.213400
-1.272000
-1.320800
-1.357400
-1.463600
-1.580800
-1.657700
-1.761500
-1.789600
-1.711400
-1.657700
-1.644300
-1.682100
-1.608900
-1.647900
-1.615000
-1.556400
-1.562500
-1.419700
-1.405000
-1.330600
-1.246300
-1.159700
-1.101100
-1.021700
-0.931400
-0.859380
-0.759280
-0.690920
-0.621340
-0.655520
-0.639650
-0.605470
-0.473630
-0.350340
-0.319820
-0.246580
-0.083008
0.058594
0.117190
0.203860
0.288090
0.378420
0.483400
0.571290
0.573730
0.507810
0.489500
0.515140
0.561520
0.482180
0.544430
0.645750
0.699460
0.736080
0.913090
1.153600
1.408700
1.615000
1.744400
1.903100
2.200900
2.384000
2.316900
2.147200
2.325400
2.358400
2.048300
1.929900
1.879900
1.711400
1.346400
1.175500
0.975340
0.776370
0.633540
0.476070
0.521240
0.518800
0.461430
0.360110
0.093994
-0.148930
-0.256350
-0.391850
-0.520020
-0.631100
-0.751950
-0.777590
-0.645750
-0.599370
-0.662840
-0.716550
-0.863040
-0.941160
-0.957030
-1.019300
-1.077900
-1.037600
-0.943600
-0.958250
-0.985110
-0.919190
-0.887450
-0.954590
-1.046100
-1.147500
-1.160900
-1.245100
-1.283000
-1.291500
-1.289100
-1.264600
-1.168200
-1.021700
-0.943600
-0.937500
-0.936280
-0.892330
-0.887450
-0.903320
-0.860600
-0.754390
-0.660400
-0.578610
-0.440670
-0.288090
-0.244140
-0.080566
0.172120
0.629880
1.093800
1.502700
1.790800
2.053200
2.238800
2.517100
2.340100
1.977500
1.574700
1.386700
1.085200
0.771480
0.577390
0.563960
0.710450
0.761720
0.816650
0.886230
0.957030
0.927730
0.969240
0.881350
0.662840
0.511470
0.195310
0.114750
0.164790
0.145260
0.100100
-0.030518
0.020752
-0.028076
-0.102540
-0.158690
-0.364990
-0.510250
-0.583500
-0.561520
-0.546880
-0.537110
-0.609130
-0.671390
-0.704350
-0.773930
-0.902100
-1.003400
-0.976560
-1.030300
-1.004600
-0.915530
-0.844730
-0.933840
-1.013200
-1.043700
-1.029100
-1.038800
-1.048600
-1.064500
-0.983890
-1.010700
-1.051000
-0.992430
-0.999760
-1.046100
-1.010700
-1.029100
-1.035200
-1.002200
-0.997310
-0.933840
-0.919190
-0.891110
-0.839840
-0.771480
-0.679930
-0.549320
-0.496830
-0.363770
-0.201420
-0.093994
-0.069580
-0.014648
0.052490
0.133060
0.202640
0.261230
0.312500
0.283200
0.373540
0.438230
0.377200
0.496830
0.737300
0.817870
0.928960
1.037600
1.016800
1.217000
1.232900
0.921630
0.563960
0.395510
0.278320
0.191650
0.306400
0.426030
0.521240
0.810550
1.043700
1.059600
1.098600
0.964360
0.965580
0.997310
0.773930
0.556640
0.421140
0.388180
0.306400
0.292970
0.261230
0.130620
0.048828
-0.104980
-0.152590
-0.208740
-0.386960
-0.421140
-0.391850
-0.435790
-0.507810
-0.546880
-0.568850
-0.609130
-0.656740
-0.688480
-0.712890
-0.806880
-0.771480
-0.725100
-0.689700
-0.493160
-0.433350
-0.390630
-0.327150
-0.235600
-0.164790
-0.264890
-0.290530
-0.194090
-0.166020
-0.039063
0.002441
-0.068359
-0.106200
-0.051270
0.108640
0.333250
0.421140
0.362550
0.328370
0.390630
0.397950
0.324710
0.363770
0.279540
0.277100
0.233150
0.177000
0.155030
0.275880
0.141600
0.046387
-0.053711
-0.078125
0.014648
0.014648
-0.146480
-0.306400
-0.408940
-0.391850
-0.498050
-0.584720
-0.657960
-0.753170
-0.874020
-0.908200
-0.949710
-0.949710
-0.922850
-0.922850
-0.844730
-0.892330
-0.976560
-0.919190
-0.843510
-0.805660
-0.797120
-0.833740
-0.817870
-0.831300
-0.792240
-0.721440
-0.651860
-0.528560
-0.559080
-0.511470
-0.408940
-0.283200
-0.139160
-0.134280
-0.043945
0.019531
0.109860
0.308840
0.361330
0.517580
0.592040
