-0.129390
-0.063477
-0.021973
-0.006104
0.006104
-0.024414
-0.015869
-0.076904
-0.126950
-0.078125
-0.058594
-0.089111
-0.013428
0.075684
0.172120
0.523680
0.988770
1.036400
0.751950
0.561520
0.360110
0.559080
0.738530
0.659180
0.540770
0.473630
0.572510
0.550540
0.510250
0.688480
0.656740
0.336910
0.229490
0.261230
0.166020
0.029297
-0.100100
0.090332
0.208740
0.124510
0.059814
0.087891
0.004883
-0.091553
-0.294190
-0.477290
-0.571290
-0.698240
-0.751950
-0.717770
-0.915530
-1.060800
-1.181600
-1.228000
-1.186500
-1.198700
-1.331800
-1.397700
-1.453900
-1.374500
-1.284200
-1.174300
-1.054700
-1.073000
-1.098600
-1.147500
-1.168200
-1.163300
-1.148700
-1.115700
-1.135300
-1.173100
-1.218300
-1.217000
-1.212200
-1.180400
-1.159700
-1.098600
-1.049800
-0.999760
-0.928960
-0.882570
-0.880130
-0.844730
-0.830080
-0.804440
-0.684810
-0.625000
-0.576170
-0.494380
-0.444340
-0.368650
-0.303960
-0.240480
-0.187990
-0.086670
-0.101320
0.062256
0.217290
0.301510
0.524900
0.939940
1.477100
2.027600
2.495100
2.813700
3.020000
2.729500
2.773400
2.747800
2.357200
2.194800
2.060500
1.932400
1.843300
1.713900
1.522200
1.181600
0.900880
0.485840
0.299070
0.338130
0.284420
0.487060
0.566410
0.927730
1.220700
1.418500
1.604000
1.589400
1.530800
1.547900
1.646700
1.688200
1.590600
1.326900
1.093800
0.906980
1.035200
1.473400
1.767600
1.848100
1.687000
1.322000
0.991210
0.740970
0.506590
0.174560
-0.025635
-0.264890
-0.423580
-0.499270
-0.533450
-0.578610
-0.780030
-1.104700
-1.302500
-1.527100
-1.613800
-1.634500
-1.555200
-1.579600
-1.638200
-1.733400
-1.798100
-1.833500
-1.868900
-1.810300
-1.710200
-1.657700
-1.546600
-1.507600
-1.481900
-1.392800
-1.380600
-1.355000
-1.234100
-1.163300
-1.085200
-1.090100
-1.175500
-1.145000
-1.069300
-0.982670
-0.866700
-0.792240
-0.764160
-0.607910
-0.457760
-0.416260
-0.391850
-0.324710
-0.241700
-0.091553
-0.097656
-0.074463
0.019531
0.089111
0.267330
0.340580
0.480960
0.607910
0.710450
0.786130
0.931400
1.004600
1.073000
1.250000
1.269500
1.406300
1.527100
1.704100
1.898200
2.002000
2.055700
2.166700
2.176500
2.126500
2.161900
1.978800
1.912800
1.980000
1.746800
1.658900
1.657700
1.523400
1.418500
1.333000
1.174300
1.055900
0.882570
0.654300
0.479740
0.220950
0.030518
-0.186770
-0.341800
-0.423580
-0.446780
-0.439450
-0.590820
-0.665280
-0.672610
-0.727540
-0.941160
-1.005900
-0.981450
-0.996090
-1.063200
-1.031500
-1.076700
-1.137700
-1.309800
-1.333000
-1.375700
-1.392800
-1.422100
-1.446500
-1.390400
-1.301300
-1.295200
-1.329300
-1.269500
-1.241500
-1.286600
-1.362300
-1.328100
-1.229200
-1.027800
-0.982670
-0.960690
-0.994870
-1.020500
-0.969240
-0.943600
-0.932620
-0.874020
-0.826420
-0.758060
-0.714110
-0.610350
-0.515140
-0.394290
-0.262450
-0.169680
0.008545
0.135500
0.224610
0.374760
0.615230
0.788570
1.102300
1.521000
2.003200
2.440200
2.706300
2.823500
2.767300
2.705100
2.186300
1.574700
0.861820
0.473630
0.523680
0.543210
0.753170
0.753170
0.670170
0.799560
0.906980
1.042500
1.157200
1.168200
1.016800
0.930180
0.811770
0.595700
0.578610
0.411380
0.126950
-0.030518
-0.179440
-0.102540
0.050049
0.144040
0.159910
0.139160
0.064697
0.025635
-0.102540
-0.238040
-0.262450
-0.169680
0.024414
0.181880
0.155030
0.083008
-0.050049
-0.170900
-0.266110
-0.350340
-0.330810
-0.411380
-0.554200
-0.716550
-0.947270
-0.998540
-1.043700
-1.030300
-1.221900
-1.331800
-1.337900
-1.461200
-1.489300
-1.530800
-1.639400
-1.563700
-1.602800
-1.615000
-1.512500
-1.560100
-1.543000
-1.495400
-1.408700
-1.372100
-1.307400
-1.167000
-1.131600
-1.063200
-0.989990
-1.035200
-1.010700
-1.025400
-0.913090
-0.832520
-0.839840
-0.704350
-0.538330
-0.478520
-0.393070
-0.225830
0.000000
0.236820
0.498050
0.736080
0.936280
0.994870
0.910640
0.869140
0.927730
0.708010
0.715330
0.749510
0.926510
1.024200
1.077900
1.189000
1.009500
0.979000
1.042500
0.982670
0.737300
0.534670
0.555420
0.551760
0.368650
0.350340
0.341800
0.216060
0.111080
0.073242
0.183110
0.184330
0.189210
0.257570
0.168460
0.183110
0.024414
-0.067139
-0.126950
-0.021973
-0.093994
-0.111080
-0.124510
-0.089111
-0.030518
-0.091553
-0.191650
-0.251460
-0.155030
-0.092773
-0.056152
-0.092773
-0.141600
-0.131840
-0.129390
-0.104980
-0.167240
-0.269780
-0.205080
-0.220950
-0.246580
-0.264890
-0.256350
-0.396730
-0.343020
-0.336910
-0.223390
-0.043945
0.107420
-0.023193
0.096436
0.157470
0.124510
0.029297
0.007324
0.008545
-0.091553
-0.034180
-0.042725
-0.196530
-0.235600
-0.090332
-0.107420
-0.114750
-0.299070
-0.284420
-0.274660
-0.244140
-0.262450
-0.325930
-0.424800
-0.455320
-0.541990
-0.567630
-0.523680
-0.476070
-0.438230
-0.452880
-0.544430
-0.596920
-0.731200
-0.885010
-0.847170
-0.760500
-0.810550
-0.898440
-0.986330
-1.022900
-0.780030
-0.704350
-0.709230
-0.660400
-0.589600
-0.709230
-0.474850
-0.302730
-0.346680
-0.289310
-0.194090
