-0.002441
-0.001221
0.059814
-0.035400
0.075684
-0.007324
-0.164790
-0.222170
-0.229490
-0.197750
-0.145260
-0.079346
0.010986
0.183110
0.145260
0.240480
0.626220
0.959470
0.899660
0.847170
0.649410
0.368650
0.369870
0.319820
0.205080
-0.103760
-0.257570
-0.008545
0.151370
0.295410
0.405270
0.494380
0.328370
0.158690
-0.002441
-0.043945
-0.031738
0.050049
0.084229
-0.032959
-0.218510
-0.136720
0.052490
0.018311
-0.109860
-0.377200
-0.479740
-0.445560
-0.605470
-0.820310
-0.834960
-0.888670
-0.998540
-1.059600
-1.098600
-1.126700
-1.099900
-1.097400
-1.101100
-1.047400
-1.102300
-1.134000
-1.134000
-1.126700
-1.081500
-1.016800
-1.081500
-1.123000
-1.121800
-1.003400
-1.019300
-1.079100
-1.060800
-1.063200
-1.014400
-0.987550
-0.970460
-0.864260
-0.809330
-0.764160
-0.712890
-0.590820
-0.588380
-0.528560
-0.434570
-0.305180
-0.295410
-0.206300
-0.112300
-0.035400
-0.002441
0.041504
0.100100
0.095215
0.181880
0.200200
0.229490
0.334470
0.443120
0.585940
0.786130
1.076700
1.545400
1.942100
2.290000
2.520800
2.753900
2.904100
2.962600
3.084700
3.144500
3.129900
3.033400
2.782000
2.596400
2.592800
2.216800
1.882300
1.623500
1.107200
0.740970
0.236820
0.093994
-0.063477
-0.258790
0.166020
0.692140
0.944820
1.014400
1.336700
1.644300
1.877400
2.023900
1.840800
1.524700
1.247600
1.003400
0.766600
0.583500
0.599370
0.526120
0.555420
0.559080
0.308840
0.062256
-0.228270
-0.443120
-0.609130
-0.770260
-0.989990
-1.154800
-1.278100
-1.315900
-1.306200
-1.301300
-1.304900
-1.414800
-1.544200
-1.604000
-1.627200
-1.629600
-1.571000
-1.501500
-1.413600
-1.281700
-1.289100
-1.314700
-1.297600
-1.261000
-1.235400
-1.178000
-1.164600
-1.140100
-1.075400
-0.979000
-0.861820
-0.831300
-0.784910
-0.628660
-0.461430
-0.533450
-0.457760
-0.416260
-0.368650
-0.240480
-0.113530
-0.031738
0.025635
0.134280
0.086670
0.076904
0.124510
0.191650
0.202640
0.354000
0.468750
0.448000
0.507810
0.640870
0.731200
0.827640
0.949710
1.007100
1.174300
1.381800
1.495400
1.618700
1.792000
2.045900
2.398700
2.573200
2.404800
2.219200
1.937300
1.890900
1.910400
1.943400
1.485600
1.097400
1.053500
1.003400
0.805660
0.762940
0.693360
0.378420
0.262450
0.146480
0.062256
-0.097656
-0.236820
-0.222170
-0.427250
-0.653080
-0.783690
-0.831300
-0.957030
-0.919190
-0.959470
-1.042500
-1.040000
-1.065700
-1.032700
-0.975340
-0.933840
-0.933840
-0.991210
-1.037600
-1.075400
-1.141400
-1.228000
-1.274400
-1.323200
-1.290300
-1.228000
-1.189000
-1.153600
-1.135300
-1.243900
-1.235400
-1.229200
-1.268300
-1.186500
-1.102300
-1.035200
-0.993650
-0.992430
-0.952150
-0.876460
-0.832520
-0.841060
-0.740970
-0.559080
-0.476070
-0.272220
-0.114750
0.039063
0.208740
0.479740
0.820310
1.126700
1.345200
1.414800
1.510000
1.449000
1.186500
1.126700
1.112100
0.960690
0.649410
0.515140
0.517580
0.427250
0.433350
0.383300
0.382080
0.396730
0.277100
0.068359
0.086670
0.057373
0.017090
0.031738
0.107420
0.167240
0.048828
-0.070801
-0.097656
-0.128170
-0.089111
-0.100100
-0.255130
-0.404050
-0.551760
-0.671390
-0.651860
-0.668950
-0.786130
-0.844730
-0.917970
-1.005900
-0.906980
-0.855710
-0.921630
-0.942380
-0.938720
-0.938720
-0.913090
-0.937500
-0.937500
-0.960690
-0.932620
-0.894780
-0.803220
-0.792240
-0.759280
-0.679930
-0.606690
-0.566410
-0.589600
-0.491940
-0.485840
-0.454100
-0.422360
-0.377200
-0.231930
-0.086670
-0.025635
0.240480
0.390630
0.644530
0.764160
0.932620
1.165800
1.356200
1.510000
1.578400
1.677200
1.298800
1.200000
0.963130
0.626220
0.281980
0.072021
-0.197750
-0.186770
0.013428
0.101320
0.346680
0.444340
0.435790
0.430910
0.343020
0.075684
-0.042725
0.043945
0.004883
-0.103760
-0.128170
-0.037842
-0.040283
-0.205080
-0.347900
-0.448000
-0.557860
-0.736080
-0.968020
-0.959470
-0.920410
-0.902100
-0.805660
-0.759280
-0.784910
-0.844730
-0.845950
-0.812990
-0.816650
-0.816650
-0.795900
-0.847170
-0.804440
-0.786130
-0.700680
-0.732420
-0.849610
-0.810550
-0.767820
-0.693360
-0.694580
-0.594480
-0.469970
-0.294190
-0.162350
-0.208740
-0.073242
0.112300
0.175780
0.200200
0.230710
0.295410
0.266110
0.257570
0.383300
0.524900
0.572510
0.756840
0.863040
0.876460
0.700680
0.704350
0.579830
0.369870
0.316160
0.281980
0.435790
0.500490
0.390630
0.322270
0.445560
0.548100
0.668950
0.701900
0.523680
0.511470
0.523680
0.416260
0.329590
0.272220
0.227050
0.174560
0.086670
-0.003662
0.083008
0.111080
0.147710
-0.035400
-0.133060
-0.184330
-0.252690
-0.358890
-0.307620
-0.446780
-0.546880
-0.573730
-0.666500
-0.722660
-0.792240
-0.849610
-0.651860
-0.594480
-0.576170
-0.488280
-0.439450
-0.467530
-0.502930
-0.490720
-0.368650
-0.222170
-0.180660
-0.117190
-0.008545
0.144040
0.229490
0.163570
0.118410
0.179440
0.462650
0.516360
0.430910
0.452880
0.384520
0.389400
0.329590
0.279540
0.247800
0.211180
0.271000
0.383300
0.349120
0.501710
0.522460
