-0.062256
-0.076904
-0.047607
0.046387
0.074463
0.212400
0.068359
-0.119630
-0.097656
-0.068359
-0.070801
-0.123290
-0.102540
-0.156250
-0.262450
-0.278320
0.035400
0.563960
0.814210
1.016800
1.058300
0.748290
0.804440
1.033900
0.887450
0.638430
0.347900
0.206300
0.183110
0.358890
0.666500
0.706790
0.612790
0.754390
0.549320
0.355220
0.267330
0.003662
0.048828
0.216060
0.290530
0.247800
0.311280
0.324710
0.169680
0.019531
-0.147710
-0.288090
-0.404050
-0.524900
-0.611570
-0.672610
-0.697020
-0.784910
-0.797120
-0.892330
-0.924070
-1.030300
-1.053500
-1.182900
-1.214600
-1.225600
-1.215800
-1.315900
-1.383100
-1.441700
-1.470900
-1.530800
-1.561300
-1.516100
-1.479500
-1.478300
-1.479500
-1.440400
-1.386700
-1.380600
-1.298800
-1.283000
-1.254900
-1.240200
-1.114500
-1.108400
-1.068100
-1.099900
-1.027800
-0.972900
-0.886230
-0.795900
-0.706790
-0.711670
-0.656740
-0.616460
-0.527340
-0.462650
-0.379640
-0.280760
-0.230710
-0.155030
-0.107420
0.061035
0.271000
0.600590
1.027800
1.524700
1.905500
2.169200
2.514600
2.733200
2.836900
2.902800
2.893100
2.659900
2.309600
2.226600
2.216800
1.920200
1.340300
0.898440
0.850830
0.819090
0.816650
0.729980
0.914310
1.333000
1.562500
1.706500
1.837200
1.958000
2.026400
1.903100
1.677200
1.495400
1.252400
1.169400
1.109600
0.980220
0.795900
0.585940
0.355220
0.214840
-0.115970
-0.302730
-0.393070
-0.551760
-0.744630
-0.872800
-0.843510
-0.849610
-0.927730
-1.001000
-1.087600
-1.114500
-1.225600
-1.286600
-1.363500
-1.431900
-1.412400
-1.377000
-1.336700
-1.273200
-1.184100
-1.092500
-0.966800
-0.983890
-0.931400
-0.927730
-0.881350
-0.803220
-0.739750
-0.688480
-0.679930
-0.628660
-0.543210
-0.433350
-0.364990
-0.290530
-0.190430
-0.102540
-0.093994
-0.081787
0.010986
0.128170
0.153810
0.185550
0.146480
0.220950
0.264890
0.334470
0.427250
0.472410
0.548100
0.614010
0.666500
0.699460
0.732420
0.712890
0.792240
0.957030
0.937500
0.903320
1.097400
1.284200
1.395300
1.577100
1.814000
1.760300
1.619900
1.734600
1.728500
1.768800
1.572300
1.514900
1.387900
1.181600
0.988770
1.080300
1.164600
1.141400
1.156000
1.189000
1.200000
1.065700
1.093800
0.964360
0.751950
0.571290
0.406490
0.313720
0.115970
-0.101320
-0.212400
-0.330810
-0.582280
-0.727540
-0.811770
-0.943600
-1.005900
-0.987550
-1.080300
-1.087600
-1.106000
-1.136500
-1.209700
-1.283000
-1.324500
-1.397700
-1.496600
-1.450200
-1.427000
-1.450200
-1.416000
-1.372100
-1.318400
-1.314700
-1.289100
-1.231700
-1.173100
-1.153600
-1.143800
-1.164600
-1.145000
-1.081500
-1.032700
-0.924070
-0.784910
-0.677490
-0.635990
-0.593260
-0.572510
-0.623780
-0.590820
-0.478520
-0.335690
-0.247800
-0.150150
0.012207
0.213620
0.541990
0.710450
0.823970
0.982670
1.308600
1.418500
1.455100
1.444100
1.414800
1.358600
1.414800
1.362300
1.068100
0.968020
0.887450
0.814210
0.698240
0.761720
0.681150
0.605470
0.581050
0.683590
0.816650
0.653080
0.534670
0.374760
0.456540
0.355220
0.249020
0.262450
0.308840
0.301510
0.072021
0.102540
0.187990
0.169680
0.100100
-0.073242
-0.266110
-0.330810
-0.299070
-0.280760
-0.318600
-0.478520
-0.625000
-0.677490
-0.729980
-0.762940
-0.800780
-0.748290
-0.767820
-0.816650
-0.830080
-0.892330
-0.957030
-0.886230
-0.938720
-0.986330
-1.022900
-1.048600
-0.987550
-1.099900
-1.090100
-1.075400
-0.998540
-1.014400
-1.021700
-0.968020
-0.975340
-0.925290
-0.812990
-0.737300
-0.734860
-0.706790
-0.615230
-0.539550
-0.484620
-0.334470
-0.242920
-0.162350
0.012207
0.101320
0.296630
0.432130
0.748290
0.916750
0.936280
1.063200
1.152300
1.060800
0.974120
0.780030
0.474850
0.206300
0.164790
0.362550
0.283200
0.312500
0.244140
0.253910
0.223390
0.255130
0.147710
0.141600
0.070801
0.241700
0.567630
0.462650
0.386960
0.372310
0.386960
0.406490
0.373540
0.245360
0.024414
0.007324
0.003662
0.039063
-0.190430
-0.236820
-0.280760
-0.356450
-0.401610
-0.487060
-0.650630
-0.776370
-0.933840
-1.069300
-1.186500
-1.392800
-1.466100
-1.511200
-1.470900
-1.452600
-1.478300
-1.483200
-1.435500
-1.532000
-1.651600
-1.613800
-1.584500
-1.484400
-1.269500
-1.239000
-1.254900
-1.212200
-1.221900
-1.162100
-1.040000
-1.054700
-0.977780
-0.922850
-0.831300
-0.723880
-0.512700
-0.388180
-0.174560
0.046387
0.225830
0.450440
0.716550
0.876460
0.982670
1.079100
1.196300
1.412400
1.589400
1.724900
1.705300
1.803000
1.781000
1.622300
1.622300
1.407500
1.284200
1.010700
0.671390
0.541990
0.639650
0.776370
0.782470
0.888670
0.928960
1.088900
1.119400
1.027800
1.019300
1.040000
1.154800
1.165800
1.210900
1.193800
1.152300
1.091300
0.941160
0.715330
0.487060
0.314940
0.139160
-0.013428
-0.035400
-0.097656
-0.159910
-0.283200
-0.444340
-0.615230
-0.769040
-0.794680
-0.828860
-0.787350
-0.819090
-0.791020
-0.736080
-0.687260
-0.664060
-0.594480
-0.557860
-0.493160
-0.463870
-0.479740
-0.415040
-0.400390
-0.415040
