0.194090
0.061035
-0.108640
-0.101320
-0.111080
-0.072021
-0.144040
-0.236820
-0.181880
-0.159910
-0.219730
-0.388180
-0.351560
-0.130620
-0.012207
-0.008545
0.054932
-0.017090
0.295410
1.099900
1.340300
1.167000
1.018100
0.772710
1.046100
1.257300
0.804440
0.402830
0.451660
0.323490
0.615230
0.511470
0.612790
0.596920
0.408940
0.404050
0.198970
-0.246580
-0.560300
-0.588380
-0.487060
-0.388180
-0.454100
-0.491940
-0.478520
-0.462650
-0.589600
-0.748290
-0.906980
-0.988770
-1.154800
-1.373300
-1.470900
-1.481900
-1.490500
-1.643100
-1.705300
-1.762700
-1.743200
-1.744400
-1.687000
-1.607700
-1.527100
-1.497800
-1.441700
-1.444100
-1.473400
-1.539300
-1.566200
-1.566200
-1.510000
-1.479500
-1.434300
-1.417200
-1.317100
-1.229200
-1.206100
-1.165800
-1.081500
-0.983890
-0.904540
-0.881350
-0.804440
-0.732420
-0.711670
-0.736080
-0.582280
-0.458980
-0.407710
-0.373540
-0.295410
-0.192870
-0.158690
-0.179440
-0.108640
0.014648
0.123290
0.195310
0.289310
0.462650
0.734860
1.059600
1.502700
2.125200
2.623300
3.121300
3.427700
3.302000
3.096900
2.419400
2.282700
2.011700
1.547900
1.198700
0.864260
0.697020
0.852050
0.937500
0.843510
0.948490
1.073000
1.049800
1.257300
1.475800
1.408700
1.440400
1.367200
1.396500
1.373300
1.142600
0.944820
0.787350
0.754390
0.737300
0.625000
0.448000
0.301510
0.239260
-0.021973
-0.103760
-0.185550
-0.279540
-0.336910
-0.406490
-0.422360
-0.461430
-0.465090
-0.465090
-0.456540
-0.466310
-0.550540
-0.634770
-0.727540
-0.776370
-0.856930
-0.917970
-0.894780
-0.947270
-0.903320
-0.930180
-0.971680
-0.983890
-0.975340
-0.888670
-0.920410
-0.927730
-0.815430
-0.684810
-0.655520
-0.657960
-0.642090
-0.582280
-0.467530
-0.333250
-0.231930
-0.107420
-0.076904
-0.064697
-0.084229
0.037842
0.111080
0.163570
0.126950
0.200200
0.296630
0.383300
0.571290
0.603030
0.672610
0.764160
0.806880
0.946040
1.043700
1.121800
1.053500
1.084000
1.120600
1.191400
1.307400
1.223100
1.263400
1.303700
1.175500
1.309800
1.358600
1.027800
1.060800
1.193800
1.174300
0.980220
0.914310
1.004600
0.965580
1.066900
1.130400
1.080300
0.825200
0.697020
0.721440
0.712890
0.628660
0.378420
0.175780
0.024414
0.036621
-0.109860
-0.289310
-0.504150
-0.639650
-0.761720
-0.908200
-0.966800
-1.108400
-1.147500
-1.171900
-1.208500
-1.223100
-1.240200
-1.434300
-1.527100
-1.517300
-1.440400
-1.468500
-1.523400
-1.479500
-1.390400
-1.381800
-1.427000
-1.390400
-1.368400
-1.369600
-1.276900
-1.232900
-1.175500
-1.071800
-1.092500
-1.007100
-0.957030
-0.936280
-0.891110
-0.866700
-0.859380
-0.747070
-0.637210
-0.544430
-0.505370
-0.483400
-0.366210
-0.284420
-0.192870
-0.091553
-0.010986
0.192870
0.343020
0.504150
0.643310
0.815430
1.043700
1.220700
1.254900
1.486800
1.616200
1.660200
1.776100
1.645500
1.492900
1.541700
1.567400
1.571000
1.232900
1.065700
0.944820
0.942380
0.877690
0.684810
0.701900
0.507810
0.432130
0.278320
0.261230
0.432130
0.590820
0.588380
0.253910
0.285640
0.506590
0.802000
0.772710
0.693360
0.643310
0.637210
0.583500
0.400390
0.356450
0.268550
0.142820
-0.084229
-0.195310
-0.269780
-0.352780
-0.449220
-0.573730
-0.628660
-0.731200
-0.776370
-0.778810
-0.935060
-1.019300
-1.068100
-1.167000
-1.203600
-1.262200
-1.296400
-1.308600
-1.295200
-1.309800
-1.284200
-1.230500
-1.219500
-1.126700
-1.022900
-0.869140
-0.723880
-0.595700
-0.549320
-0.520020
-0.531010
-0.468750
-0.444340
-0.454100
-0.289310
-0.169680
-0.157470
0.045166
0.295410
0.356450
0.438230
0.548100
0.761720
0.972900
1.401400
1.517300
1.428200
0.902100
0.720210
0.759280
0.582280
0.523680
0.419920
0.350340
0.357670
0.477290
0.808110
0.689700
0.489500
0.223390
0.216060
0.219730
0.257570
-0.090332
0.035400
0.140380
0.141600
0.045166
-0.153810
-0.178220
-0.089111
-0.090332
-0.175780
-0.155030
-0.070801
-0.087891
-0.124510
-0.264890
-0.350340
-0.417480
-0.522460
-0.655520
-0.700680
-0.640870
-0.703130
-0.748290
-0.866700
-0.950930
-0.845950
-0.762940
-0.793460
-0.838620
-0.938720
-0.944820
-0.882570
-0.859380
-0.805660
-0.710450
-0.725100
-0.876460
-0.874020
-0.805660
-0.797120
-0.845950
-0.800780
-0.834960
-0.760500
-0.721440
-0.605470
-0.620120
-0.640870
-0.638430
-0.620120
-0.592040
-0.529790
-0.468750
-0.523680
-0.610350
-0.524900
-0.336910
-0.228270
-0.155030
-0.080566
-0.084229
-0.002441
0.058594
0.128170
0.297850
0.333250
0.367430
0.429690
0.552980
0.690920
0.875240
0.943600
1.093800
1.060800
1.147500
1.102300
1.120600
0.999760
1.008300
1.148700
1.035200
0.849610
0.659180
0.368650
0.288090
0.382080
0.308840
0.339360
0.340580
0.444340
0.395510
0.327150
0.438230
0.567630
0.355220
0.061035
-0.129390
-0.007324
0.095215
0.197750
0.426030
0.378420
0.133060
-0.231930
-0.334470
-0.201420
-0.073242
-0.119630
-0.067139
0.151370
0.150150
0.207520
0.207520
0.161130
0.017090
-0.185550
-0.124510
-0.115970
-0.230710
-0.297850
-0.223390
