-0.064697
0.075684
0.050049
-0.083008
0.058594
0.269780
0.211180
0.170900
0.031738
-0.081787
-0.227050
-0.385740
-0.329590
-0.354000
-0.379640
-0.163570
0.400390
0.791020
0.767820
0.606690
0.408940
0.306400
0.499270
0.513920
0.404050
0.251460
0.137940
0.241700
0.594480
0.576170
0.616460
0.241700
0.200200
0.379640
0.222170
0.275880
0.246580
0.275880
0.283200
0.178220
0.229490
0.222170
0.041504
-0.041504
-0.134280
-0.212400
-0.388180
-0.510250
-0.526120
-0.568850
-0.589600
-0.662840
-0.698240
-0.761720
-0.864260
-0.926510
-0.957030
-1.021700
-1.082800
-1.097400
-1.073000
-1.046100
-0.936280
-0.991210
-1.055900
-1.095000
-1.147500
-1.179200
-1.129200
-1.049800
-1.095000
-1.132800
-1.149900
-1.218300
-1.203600
-1.192600
-1.220700
-1.170700
-1.084000
-1.012000
-0.992430
-0.968020
-0.876460
-0.811770
-0.826420
-0.823970
-0.772710
-0.740970
-0.600590
-0.517580
-0.479740
-0.439450
-0.423580
-0.319820
-0.191650
-0.141600
-0.115970
-0.095215
-0.021973
0.089111
0.382080
0.881350
1.583300
2.143600
2.509800
3.018800
3.147000
3.087200
2.808800
2.613500
2.358400
1.966600
1.936000
1.728500
1.358600
1.135300
0.788570
0.727540
0.684810
0.684810
0.811770
0.883790
1.030300
1.589400
1.773700
1.805400
1.925000
1.876200
1.784700
1.551500
1.379400
1.328100
1.215800
1.099900
1.022900
0.797120
0.534670
0.356450
0.186770
0.224610
0.185550
0.290530
0.268550
0.245360
0.190430
0.161130
0.100100
-0.119630
-0.361330
-0.533450
-0.554200
-0.686040
-0.688480
-0.777590
-0.874020
-0.939940
-1.092500
-1.154800
-1.176800
-1.259800
-1.304900
-1.322000
-1.395300
-1.424600
-1.374500
-1.336700
-1.212200
-1.107200
-1.091300
-0.991210
-1.063200
-1.075400
-0.980220
-0.880130
-0.815430
-0.740970
-0.787350
-0.811770
-0.761720
-0.737300
-0.703130
-0.704350
-0.688480
-0.623780
-0.554200
-0.504150
-0.551760
-0.460210
-0.361330
-0.263670
-0.205080
-0.167240
-0.079346
-0.001221
0.009766
-0.036621
0.092773
0.124510
0.064697
0.043945
0.089111
0.140380
0.169680
0.158690
0.284420
0.416260
0.633540
0.781250
0.959470
1.103500
1.387900
1.618700
1.838400
2.059300
2.424300
2.331500
2.131300
1.973900
1.743200
1.940900
1.939700
1.972700
1.842000
1.536900
1.304900
1.121800
1.035200
0.816650
0.733640
0.468750
0.375980
0.297850
0.267330
0.117190
-0.043945
-0.274660
-0.506590
-0.664060
-0.754390
-0.892330
-0.864260
-0.794680
-0.749510
-0.748290
-0.804440
-0.936280
-0.979000
-1.002200
-0.950930
-0.938720
-0.975340
-1.096200
-1.195100
-1.245100
-1.286600
-1.322000
-1.344000
-1.318400
-1.237800
-1.246300
-1.201200
-1.218300
-1.225600
-1.279300
-1.295200
-1.268300
-1.239000
-1.186500
-1.159700
-1.124300
-1.093800
-1.077900
-1.069300
-1.013200
-0.935060
-0.838620
-0.775150
-0.704350
-0.687260
-0.668950
-0.603030
-0.585940
-0.461430
-0.295410
-0.186770
0.002441
0.144040
0.252690
0.390630
0.556640
0.709230
0.981450
1.336700
1.721200
2.089800
2.230200
2.432900
2.415800
2.219200
2.124000
2.075200
1.882300
1.440400
1.147500
0.798340
0.665280
0.543210
0.554200
0.742190
0.748290
0.886230
0.942380
0.849610
0.821530
0.742190
0.532230
0.344240
0.124510
-0.136720
-0.219730
-0.257570
-0.197750
-0.086670
-0.039063
-0.139160
-0.219730
-0.178220
-0.174560
-0.227050
-0.300290
-0.333250
-0.427250
-0.545650
-0.471190
-0.316160
-0.205080
-0.119630
-0.080566
-0.029297
-0.079346
-0.198970
-0.255130
-0.352780
-0.499270
-0.654300
-0.793460
-0.867920
-0.878910
-0.935060
-0.971680
-1.115700
-1.200000
-1.252400
-1.408700
-1.440400
-1.450200
-1.449000
-1.397700
-1.507600
-1.557600
-1.547900
-1.490500
-1.440400
-1.440400
-1.386700
-1.334200
-1.219500
-1.232900
-1.272000
-1.215800
-1.156000
-1.125500
-1.104700
-0.966800
-0.845950
-0.805660
-0.770260
-0.660400
-0.581050
-0.500490
-0.474850
-0.400390
-0.346680
-0.289310
-0.319820
-0.281980
-0.250240
-0.212400
-0.136720
0.024414
0.120850
0.206300
0.314940
0.444340
0.677490
0.871580
1.104700
1.430700
1.589400
1.783400
1.888400
1.798100
1.914100
1.811500
1.584500
1.280500
0.855710
0.638430
0.638430
1.005900
1.342800
1.687000
1.908000
1.833500
1.811500
1.687000
1.511200
1.392800
1.053500
0.875240
0.760500
0.808110
0.864260
0.817870
0.769040
0.615230
0.454100
0.225830
-0.096436
-0.253910
-0.208740
-0.214840
-0.301510
-0.264890
-0.364990
-0.426030
-0.352780
-0.251460
-0.214840
-0.135500
-0.141600
0.019531
0.076904
0.108640
0.064697
0.042725
0.008545
-0.104980
-0.211180
-0.168460
-0.212400
-0.258790
-0.205080
-0.258790
-0.218510
-0.173340
-0.206300
-0.144040
-0.161130
-0.244140
-0.227050
-0.185550
0.028076
0.091553
0.162350
0.205080
0.175780
0.312500
0.451660
0.394290
0.292970
0.196530
0.086670
0.034180
0.078125
0.239260
0.170900
0.123290
0.218510
0.158690
0.093994
0.048828
-0.030518
-0.059814
-0.192870
-0.343020
-0.427250
-0.451660
-0.524900
-0.598140
-0.639650
-0.750730
-0.755620
-0.850830
-0.943600
-0.708010
-0.593260
-0.579830
-0.605470
-0.471190
