0.098877
-0.039063
-0.203860
-0.339360
-0.223390
-0.229490
-0.362550
-0.423580
-0.333250
-0.198970
-0.075684
0.037842
-0.103760
-0.114750
0.034180
0.021973
-0.008545
0.111080
0.382080
0.638430
0.706790
0.615230
0.328370
0.307620
0.291750
0.455320
0.256350
-0.152590
0.030518
0.137940
0.146480
0.334470
0.295410
0.344240
0.136720
0.148930
0.240480
0.020752
-0.157470
-0.214840
-0.101320
-0.010986
0.050049
0.123290
0.164790
0.202640
0.069580
-0.145260
-0.295410
-0.419920
-0.651860
-0.889890
-0.976560
-0.947270
-0.954590
-1.033900
-1.060800
-1.134000
-1.208500
-1.228000
-1.270800
-1.303700
-1.330600
-1.334200
-1.307400
-1.285400
-1.309800
-1.331800
-1.392800
-1.464800
-1.462400
-1.417200
-1.397700
-1.346400
-1.304900
-1.261000
-1.268300
-1.195100
-1.123000
-1.022900
-0.935060
-0.864260
-0.777590
-0.761720
-0.762940
-0.709230
-0.668950
-0.576170
-0.512700
-0.444340
-0.332030
-0.272220
-0.169680
-0.152590
-0.130620
-0.047607
0.052490
0.185550
0.197750
0.267330
0.357670
0.465090
0.596920
0.976560
1.374500
1.765100
2.077600
2.287600
2.430400
2.489000
2.788100
2.893100
2.900400
2.783200
2.897900
2.888200
2.623300
2.371800
2.229000
1.761500
1.353800
0.930180
0.316160
0.021973
0.098877
0.079346
0.166020
0.710450
0.922850
0.939940
1.124300
1.384300
1.467300
1.497800
1.485600
1.302500
1.210900
1.151100
0.964360
0.822750
0.662840
0.511470
0.260010
0.106200
0.068359
0.072021
-0.076904
-0.245360
-0.346680
-0.458980
-0.623780
-0.753170
-0.799560
-0.944820
-1.087600
-1.192600
-1.189000
-1.180400
-1.167000
-1.169400
-1.212200
-1.158400
-1.066900
-1.098600
-1.075400
-0.964360
-1.027800
-0.981450
-0.897220
-0.833740
-0.775150
-0.738530
-0.640870
-0.548100
-0.490720
-0.419920
-0.418700
-0.402830
-0.413820
-0.378420
-0.336910
-0.252690
-0.192870
-0.052490
-0.051270
0.029297
0.064697
0.153810
0.174560
0.230710
0.339360
0.346680
0.281980
0.311280
0.321040
0.324710
0.415040
0.485840
0.561520
0.635990
0.670170
0.782470
0.917970
1.085200
1.366000
1.590600
1.710200
1.860400
1.982400
2.165500
2.225300
1.977500
1.523400
1.431900
1.386700
1.391600
1.420900
1.392800
1.212200
1.026600
0.751950
0.684810
0.634770
0.473630
0.231930
-0.076904
-0.168460
-0.162350
-0.222170
-0.313720
-0.520020
-0.678710
-0.795900
-0.906980
-1.001000
-1.110800
-1.192600
-1.206100
-1.132800
-1.129200
-1.228000
-1.383100
-1.364700
-1.367200
-1.318400
-1.361100
-1.346400
-1.350100
-1.314700
-1.298800
-1.366000
-1.353800
-1.259800
-1.290300
-1.256100
-1.265900
-1.289100
-1.308600
-1.312300
-1.303700
-1.272000
-1.247600
-1.184100
-1.130400
-1.116900
-1.210900
-1.220700
-1.164600
-1.101100
-0.983890
-0.831300
-0.747070
-0.745850
-0.684810
-0.563960
-0.364990
-0.277100
-0.190430
-0.020752
0.206300
0.344240
0.441890
0.715330
1.242700
1.741900
2.187500
2.331500
2.172900
1.849400
1.467300
1.346400
1.241500
0.876460
0.827640
0.821530
0.915530
1.261000
1.639400
1.718800
1.467300
1.225600
0.971680
0.672610
0.609130
0.512700
0.413820
0.397950
0.340580
0.292970
0.175780
-0.002441
-0.155030
-0.185550
-0.251460
-0.249020
-0.372310
-0.329590
-0.195310
-0.183110
-0.230710
-0.216060
-0.213620
-0.314940
-0.255130
-0.334470
-0.379640
-0.463870
-0.535890
-0.523680
-0.548100
-0.556640
-0.664060
-0.749510
-0.775150
-0.714110
-0.894780
-0.980220
-0.950930
-0.948490
-0.936280
-0.964360
-0.979000
-1.077900
-1.113300
-1.146200
-1.169400
-1.189000
-1.124300
-1.047400
-0.987550
-0.953370
-0.955810
-0.911870
-0.742190
-0.704350
-0.537110
-0.418700
-0.302730
-0.122070
-0.061035
-0.102540
-0.040283
0.067139
0.041504
0.089111
0.112300
0.075684
0.061035
0.223390
0.369870
0.349120
0.325930
0.391850
0.472410
0.533450
0.644530
0.751950
0.609130
0.637210
0.729980
0.687260
0.477290
0.207520
-0.042725
-0.378420
-0.485840
-0.388180
-0.058594
0.384520
0.703130
0.776370
0.869140
1.030300
1.134000
1.088900
0.803220
0.710450
0.698240
0.605470
0.437010
0.249020
0.251460
0.183110
0.106200
-0.075684
-0.278320
-0.372310
-0.384520
-0.410160
-0.477290
-0.504150
-0.581050
-0.693360
-0.781250
-0.843510
-0.826420
-0.767820
-0.706790
-0.622560
-0.677490
-0.662840
-0.764160
-0.709230
-0.721440
-0.662840
-0.555420
-0.407710
-0.274660
-0.228270
-0.179440
-0.161130
-0.128170
-0.079346
-0.024414
0.076904
0.136720
0.186770
0.260010
0.384520
0.500490
0.421140
0.601810
0.792240
0.660400
0.568850
0.605470
0.528560
0.461430
0.356450
0.292970
0.306400
0.350340
0.417480
0.482180
0.471190
0.441890
0.379640
0.343020
0.186770
0.157470
0.133060
0.013428
-0.051270
-0.069580
-0.002441
0.051270
-0.080566
-0.083008
-0.087891
-0.070801
-0.074463
-0.054932
-0.083008
-0.030518
-0.056152
-0.093994
-0.075684
-0.004883
-0.018311
-0.072021
0.040283
0.169680
0.207520
0.106200
0.063477
0.061035
0.036621
0.047607
0.001221
-0.070801
-0.136720
-0.087891
-0.030518
0.006104
-0.225830
-0.230710
-0.229490
-0.208740
-0.311280
-0.261230
