-0.310060
-0.319820
-0.303960
-0.273440
-0.170900
-0.114750
-0.130620
-0.213620
-0.313720
-0.163570
0.061035
0.017090
-0.189210
-0.184330
-0.006104
0.142820
0.017090
0.272220
0.786130
0.806880
0.670170
0.495610
0.332030
0.563960
0.588380
0.541990
0.360110
0.186770
0.164790
0.339360
0.535890
0.632320
0.511470
0.648190
0.660400
0.212400
0.169680
0.124510
0.152590
0.246580
0.462650
0.446780
0.360110
0.456540
0.484620
0.438230
0.205080
-0.079346
-0.118410
-0.195310
-0.192870
-0.219730
-0.174560
-0.145260
-0.198970
-0.263670
-0.336910
-0.521240
-0.616460
-0.731200
-0.866700
-0.921630
-1.018100
-1.119400
-1.138900
-1.140100
-1.189000
-1.213400
-1.198700
-1.230500
-1.184100
-1.149900
-1.082800
-1.016800
-1.044900
-1.029100
-0.960690
-0.913090
-0.806880
-0.688480
-0.687260
-0.634770
-0.562740
-0.521240
-0.529790
-0.472410
-0.397950
-0.380860
-0.367430
-0.233150
-0.201420
-0.189210
-0.107420
-0.087891
-0.065918
0.006104
0.126950
0.101320
0.175780
0.219730
0.473630
0.969240
1.488000
2.113000
2.509800
2.767300
2.829600
2.910200
3.073700
3.193400
3.110400
3.009000
2.791700
2.713600
2.834500
2.730700
2.387700
2.225300
1.788300
1.466100
1.065700
0.992430
0.887450
0.714110
0.568850
0.452880
0.174560
0.128170
0.264890
0.374760
0.468750
0.627440
0.749510
0.783690
0.772710
0.765380
0.629880
0.526120
0.443120
0.374760
0.236820
0.095215
-0.046387
-0.161130
-0.333250
-0.451660
-0.535890
-0.566410
-0.603030
-0.703130
-0.756840
-0.700680
-0.740970
-0.797120
-0.808110
-0.794680
-0.819090
-0.815430
-0.775150
-0.715330
-0.662840
-0.627440
-0.634770
-0.590820
-0.587160
-0.401610
-0.263670
-0.157470
0.008545
0.217290
0.344240
0.347900
0.367430
0.358890
0.484620
0.635990
0.660400
0.734860
0.810550
0.845950
0.944820
0.900880
0.958250
0.971680
0.955810
0.839840
0.718990
0.733640
0.776370
0.716550
0.703130
0.595700
0.488280
0.372310
0.255130
0.135500
0.002441
-0.207520
-0.272220
-0.247800
-0.200200
-0.227050
-0.230710
-0.253910
-0.183110
-0.056152
0.123290
0.267330
0.378420
0.435790
0.352780
0.410160
0.416260
0.399170
0.367430
0.338130
0.323490
0.291750
0.344240
0.380860
0.394290
0.267330
0.244140
0.209960
0.002441
-0.040283
-0.096436
-0.275880
-0.209960
-0.119630
-0.271000
-0.240480
-0.167240
-0.131840
-0.167240
-0.173340
-0.178220
-0.158690
-0.181880
-0.205080
-0.235600
-0.324710
-0.404050
-0.509030
-0.598140
-0.758060
-0.863040
-1.004600
-1.193800
-1.351300
-1.257300
-1.219500
-1.280500
-1.364700
-1.284200
-1.246300
-1.251200
-1.414800
-1.460000
-1.339100
-1.254900
-1.093800
-1.027800
-1.013200
-0.855710
-0.751950
-0.595700
-0.583500
-0.476070
-0.344240
-0.180660
-0.104980
-0.096436
-0.001221
0.023193
0.053711
0.130620
0.063477
-0.086670
-0.018311
-0.035400
-0.008545
0.010986
-0.010986
0.063477
0.133060
0.157470
0.209960
0.064697
-0.032959
0.058594
-0.042725
-0.002441
0.041504
-0.173340
-0.184330
-0.072021
-0.095215
-0.195310
-0.119630
-0.311280
-0.440670
-0.504150
-0.567630
-0.599370
-0.574950
-0.650630
-0.677490
-0.579830
-0.540770
-0.339360
-0.609130
-0.743410
-0.677490
-0.587160
-0.551760
-0.501710
-0.535890
-0.587160
-0.695800
-0.686040
-0.639650
-0.611570
-0.623780
-0.543210
-0.467530
-0.521240
-0.535890
-0.444340
-0.364990
-0.417480
-0.491940
-0.598140
-0.689700
-0.744630
-0.756840
-0.638430
-0.573730
-0.605470
-0.544430
-0.468750
-0.450440
-0.362550
-0.268550
-0.321040
-0.316160
-0.192870
-0.054932
0.166020
0.296630
0.317380
0.450440
0.516360
0.650630
0.812990
1.088900
1.253700
1.162100
1.176800
1.265900
1.120600
1.118200
1.042500
0.814210
0.789790
0.874020
0.537110
0.379640
0.513920
0.832520
1.118200
1.159700
1.225600
1.452600
1.621100
1.767600
1.831100
1.840800
1.602800
1.442900
1.289100
1.147500
1.097400
1.070600
0.886230
0.764160
0.594480
0.541990
0.328370
0.213620
0.126950
0.023193
-0.052490
-0.185550
-0.201420
-0.225830
-0.350340
-0.482180
-0.494380
-0.490720
-0.526120
-0.555420
-0.562740
-0.614010
-0.687260
-0.557860
-0.506590
-0.444340
-0.460210
-0.380860
-0.350340
-0.308840
-0.207520
-0.147710
-0.211180
-0.184330
-0.124510
-0.052490
0.070801
0.037842
0.119630
0.163570
0.231930
0.319820
0.373540
0.559080
0.682370
0.607910
0.648190
0.699460
0.668950
0.534670
0.346680
0.291750
0.245360
0.325930
0.472410
0.404050
0.268550
0.323490
0.283200
0.111080
0.107420
0.046387
-0.069580
-0.020752
0.043945
0.023193
-0.002441
-0.045166
-0.142820
-0.279540
-0.432130
-0.430910
-0.406490
-0.251460
-0.284420
-0.372310
-0.413820
-0.430910
-0.407710
-0.393070
-0.373540
-0.391850
-0.251460
-0.218510
-0.183110
-0.163570
-0.175780
-0.407710
-0.372310
-0.355220
-0.244140
-0.187990
-0.129390
-0.009766
-0.019531
-0.148930
-0.140380
-0.163570
-0.183110
-0.375980
-0.340580
-0.339360
-0.415040
-0.440670
-0.435790
-0.295410
-0.321040
-0.441890
-0.440670
-0.483400
-0.432130
-0.324710
-0.137940
-0.073242
-0.104980
-0.213620
-0.208740
-0.233150
