0.001221
-0.091553
-0.120850
-0.201420
-0.128170
-0.115970
-0.069580
-0.054932
0.013428
0.068359
0.106200
0.185550
0.004883
-0.120850
-0.098877
0.032959
0.026855
0.170900
0.557860
0.921630
0.869140
0.769040
0.572510
0.439450
0.654300
0.483400
0.296630
0.334470
0.186770
0.417480
0.604250
0.634770
0.649410
0.759280
0.783690
0.412600
0.271000
0.358890
0.393070
0.255130
0.101320
0.261230
0.096436
0.040283
0.218510
0.278320
0.135500
-0.023193
-0.136720
-0.322270
-0.572510
-0.769040
-0.860600
-0.920410
-0.899660
-0.957030
-1.037600
-1.082800
-1.147500
-1.225600
-1.352500
-1.342800
-1.380600
-1.308600
-1.303700
-1.352500
-1.351300
-1.355000
-1.369600
-1.449000
-1.455100
-1.397700
-1.396500
-1.403800
-1.380600
-1.339100
-1.295200
-1.366000
-1.337900
-1.307400
-1.232900
-1.209700
-1.168200
-1.104700
-1.042500
-0.932620
-0.921630
-0.892330
-0.793460
-0.692140
-0.601810
-0.601810
-0.587160
-0.571290
-0.513920
-0.375980
-0.366210
-0.314940
-0.207520
-0.122070
0.017090
0.185550
0.455320
0.788570
1.175500
1.585700
1.876200
2.028800
2.362100
2.666000
2.994400
3.121300
3.149400
2.998000
3.018800
3.101800
2.778300
2.260700
1.908000
1.460000
0.881350
0.665280
0.765380
0.759280
1.038800
1.342800
1.352500
1.496600
1.798100
1.999500
1.956800
1.872600
1.779800
1.640600
1.486800
1.359900
1.221900
1.142600
0.998540
1.041300
1.068100
0.997310
0.821530
0.620120
0.552980
0.460210
0.272220
0.073242
-0.262450
-0.487060
-0.643310
-0.770260
-0.878910
-0.987550
-1.118200
-1.278100
-1.383100
-1.467300
-1.496600
-1.528300
-1.532000
-1.479500
-1.525900
-1.574700
-1.558800
-1.564900
-1.546600
-1.475800
-1.436800
-1.340300
-1.264600
-1.223100
-1.135300
-1.060800
-1.007100
-0.933840
-0.871580
-0.811770
-0.700680
-0.581050
-0.589600
-0.540770
-0.488280
-0.394290
-0.340580
-0.274660
-0.203860
-0.212400
-0.174560
-0.063477
0.041504
0.015869
0.095215
0.179440
0.242920
0.292970
0.400390
0.461430
0.537110
0.576170
0.620120
0.660400
0.605470
0.645750
0.699460
0.717770
0.900880
1.110800
1.385500
1.403800
1.530800
1.897000
2.240000
2.453600
2.380400
2.150900
2.120400
2.276600
2.473100
1.921400
1.903100
1.654100
1.605200
1.661400
1.456300
1.207300
1.192600
1.104700
0.902100
0.809330
0.562740
0.391850
0.217290
0.009766
-0.133060
-0.341800
-0.533450
-0.643310
-0.805660
-0.941160
-0.988770
-1.058300
-1.198700
-1.263400
-1.289100
-1.261000
-1.200000
-1.317100
-1.379400
-1.383100
-1.440400
-1.472200
-1.518600
-1.508800
-1.569800
-1.566200
-1.547900
-1.600300
-1.534400
-1.516100
-1.569800
-1.492900
-1.423300
-1.340300
-1.374500
-1.368400
-1.311000
-1.250000
-1.195100
-1.141400
-1.103500
-1.081500
-0.980220
-0.958250
-0.959470
-0.869140
-0.782470
-0.755620
-0.714110
-0.721440
-0.661620
-0.517580
-0.417480
-0.391850
-0.277100
-0.092773
-0.029297
0.035400
0.112300
0.383300
0.623780
0.952150
1.286600
1.660200
2.050800
2.476800
2.608600
2.434100
2.262000
1.875000
1.439200
1.163300
0.935060
0.803220
0.880130
1.031500
1.131600
1.220700
1.439200
1.346400
1.015600
0.634770
0.618900
0.515140
0.444340
0.487060
0.487060
0.456540
0.281980
0.047607
-0.133060
-0.338130
-0.402830
-0.382080
-0.292970
-0.147710
0.159910
0.347900
0.283200
0.103760
0.020752
-0.201420
-0.395510
-0.504150
-0.561520
-0.571290
-0.706790
-0.776370
-0.842290
-0.810550
-0.968020
-1.048600
-1.109600
-1.127900
-1.167000
-1.209700
-1.196300
-1.201200
-1.220700
-1.247600
-1.325700
-1.427000
-1.420900
-1.375700
-1.373300
-1.291500
-1.192600
-1.058300
-1.021700
-1.075400
-1.022900
-0.845950
-0.754390
-0.686040
-0.562740
-0.522460
-0.404050
-0.200200
-0.146480
-0.065918
0.051270
0.136720
0.189210
0.189210
0.299070
0.396730
0.520020
0.468750
0.605470
0.819090
0.825200
0.611570
0.245360
0.332030
0.405270
0.434570
0.234380
0.163570
0.239260
0.319820
0.415040
0.433350
0.541990
0.429690
0.329590
0.229490
0.390630
0.471190
0.484620
0.260010
0.085449
0.140380
0.229490
0.336910
0.214840
0.159910
0.091553
0.064697
0.007324
-0.136720
-0.285640
-0.402830
-0.480960
-0.430910
-0.260010
-0.330810
-0.462650
-0.405270
-0.417480
-0.407710
-0.604250
-0.672610
-0.474850
-0.639650
-0.723880
-0.646970
-0.480960
-0.443120
-0.541990
-0.626220
-0.544430
-0.427250
-0.520020
-0.493160
-0.509030
-0.555420
-0.582280
-0.609130
-0.635990
-0.723880
-0.718990
-0.589600
-0.495610
-0.493160
-0.568850
-0.437010
-0.388180
-0.333250
-0.224610
-0.103760
-0.134280
-0.156250
-0.119630
0.013428
0.078125
0.140380
0.119630
0.107420
0.124510
0.274660
0.435790
0.465090
0.460210
0.515140
0.394290
0.244140
0.203860
0.187990
0.109860
0.014648
0.106200
0.104980
0.057373
0.086670
0.040283
0.068359
0.085449
0.117190
0.147710
0.076904
0.152590
0.157470
0.299070
0.407710
0.316160
0.217290
0.207520
0.216060
0.253910
0.399170
0.360110
0.541990
0.596920
0.437010
0.438230
0.626220
0.698240
0.561520
0.355220
0.327150
