-0.206300
-0.042725
0.124510
0.134280
0.200200
0.145260
-0.032959
0.001221
-0.032959
0.006104
0.017090
0.046387
0.141600
0.046387
0.002441
0.043945
0.310060
0.516360
0.555420
0.424800
0.350340
0.175780
0.289310
0.535890
0.718990
0.638430
0.493160
0.443120
0.651860
0.596920
0.739750
0.936280
0.607910
0.529790
0.822750
0.588380
0.157470
-0.142820
-0.134280
-0.106200
0.026855
0.112300
-0.064697
-0.023193
0.167240
0.059814
-0.091553
-0.435790
-0.705570
-0.799560
-0.892330
-0.932620
-0.937500
-0.947270
-1.090100
-1.113300
-1.180400
-1.374500
-1.367200
-1.261000
-1.285400
-1.268300
-1.250000
-1.252400
-1.262200
-1.240200
-1.212200
-1.270800
-1.259800
-1.196300
-1.179200
-1.192600
-1.156000
-1.121800
-1.135300
-1.159700
-1.096200
-1.080300
-0.954590
-0.882570
-0.866700
-0.863040
-0.805660
-0.864260
-0.806880
-0.756840
-0.670170
-0.622560
-0.518800
-0.477290
-0.468750
-0.455320
-0.404050
-0.363770
-0.316160
-0.250240
-0.190430
-0.155030
0.020752
0.087891
0.273440
0.606690
1.113300
1.644300
2.104500
2.428000
2.714800
2.983400
2.971200
2.795400
2.600100
2.412100
2.241200
2.171600
1.972700
1.868900
1.353800
1.016800
0.968020
0.867920
0.885010
0.705570
0.992430
1.417200
1.582000
1.918900
2.028800
2.131300
2.188700
1.972700
1.738300
1.347700
1.026600
1.071800
0.911870
0.810550
0.725100
0.522460
0.406490
0.296630
0.075684
-0.102540
-0.186770
-0.308840
-0.428470
-0.476070
-0.522460
-0.632320
-0.668950
-0.815430
-0.931400
-1.031500
-1.221900
-1.317100
-1.539300
-1.613800
-1.646700
-1.604000
-1.575900
-1.561300
-1.477100
-1.460000
-1.444100
-1.392800
-1.350100
-1.297600
-1.239000
-1.231700
-1.201200
-1.185300
-1.154800
-1.153600
-1.082800
-1.027800
-0.939940
-0.859380
-0.815430
-0.773930
-0.666500
-0.612790
-0.571290
-0.488280
-0.428470
-0.310060
-0.155030
-0.107420
-0.062256
0.012207
0.030518
0.025635
0.213620
0.296630
0.319820
0.311280
0.394290
0.422360
0.444340
0.450440
0.524900
0.566410
0.617680
0.780030
0.949710
1.204800
1.357400
1.511200
1.733400
2.065400
2.318100
2.541500
2.845500
2.868700
2.740500
2.515900
2.387700
2.334000
2.128900
1.923800
1.944600
1.825000
1.466100
1.235400
1.280500
1.224400
1.088900
0.770260
0.485840
0.258790
0.184330
0.083008
-0.070801
-0.224610
-0.429690
-0.671390
-0.804440
-0.891110
-0.974120
-1.043700
-1.031500
-1.080300
-1.215800
-1.201200
-1.274400
-1.274400
-1.285400
-1.246300
-1.186500
-1.251200
-1.252400
-1.298800
-1.242700
-1.254900
-1.328100
-1.322000
-1.323200
-1.361100
-1.314700
-1.333000
-1.333000
-1.275600
-1.224400
-1.219500
-1.192600
-1.143800
-1.106000
-1.046100
-1.062000
-0.986330
-0.894780
-0.729980
-0.648190
-0.664060
-0.692140
-0.625000
-0.556640
-0.421140
-0.429690
-0.380860
-0.239260
-0.040283
0.097656
0.249020
0.393070
0.540770
0.699460
0.712890
0.876460
1.101100
1.390400
1.433100
1.533200
1.661400
1.663800
1.656500
1.386700
1.253700
1.104700
0.926510
0.823970
0.805660
0.706790
0.902100
0.954590
1.165800
1.276900
0.827640
0.590820
0.435790
0.296630
0.207520
0.114750
-0.054932
-0.144040
-0.076904
-0.128170
-0.148930
-0.219730
-0.352780
-0.469970
-0.628660
-0.697020
-0.695800
-0.745850
-0.593260
-0.700680
-0.764160
-0.754390
-0.919190
-0.938720
-0.979000
-1.057100
-1.071800
-1.037600
-1.066900
-1.048600
-1.008300
-0.968020
-1.042500
-1.059600
-1.037600
-1.008300
-0.996090
-0.899660
-0.877690
-0.823970
-0.856930
-0.843510
-0.800780
-0.718990
-0.720210
-0.645750
-0.635990
-0.732420
-0.721440
-0.648190
-0.573730
-0.596920
-0.570070
-0.517580
-0.462650
-0.290530
-0.172120
-0.031738
0.101320
0.284420
0.562740
0.817870
1.040000
1.325700
1.716300
1.815200
1.810300
1.743200
1.763900
1.580800
1.298800
1.207300
1.081500
1.016800
0.991210
1.024200
0.886230
0.872800
0.874020
0.871580
0.750730
0.660400
0.701900
0.461430
0.341800
0.278320
0.240480
0.251460
0.230710
0.131840
0.113530
0.056152
0.064697
0.100100
0.051270
-0.019531
-0.146480
-0.427250
-0.628660
-0.667720
-0.649410
-0.611570
-0.809330
-0.871580
-0.806880
-0.764160
-0.816650
-0.904540
-0.885010
-0.937500
-1.036400
-1.079100
-1.134000
-1.097400
-1.048600
-1.027800
-0.994870
-0.883790
-0.859380
-0.908200
-0.842290
-0.823970
-0.860600
-0.780030
-0.759280
-0.800780
-0.717770
-0.637210
-0.457760
-0.327150
-0.251460
-0.095215
0.072021
0.218510
0.257570
0.390630
0.366210
0.444340
0.648190
0.642090
0.407710
0.373540
0.239260
0.267330
0.319820
0.231930
0.244140
0.178220
0.421140
0.739750
0.838620
0.653080
0.654300
0.722660
0.903320
0.640870
0.511470
0.483400
0.336910
0.268550
0.233150
0.312500
0.240480
0.146480
0.065918
-0.013428
-0.087891
-0.157470
-0.104980
-0.041504
-0.040283
-0.292970
-0.401610
-0.415040
-0.388180
-0.407710
-0.485840
-0.626220
-0.700680
-0.701900
-0.718990
-0.749510
-0.701900
-0.814210
-0.898440
-0.925290
-0.946040
-0.942380
-0.989990
-0.869140
-0.797120
-0.828860
-0.781250
-0.739750
-0.708010
