0.285640
-0.166020
-0.336910
-0.301510
-0.216060
-0.253910
-0.246580
-0.235600
-0.152590
-0.024414
-0.025635
-0.019531
0.036621
0.140380
0.146480
0.018311
0.012207
0.198970
0.662840
0.856930
1.062000
0.731200
0.299070
0.426030
0.733640
0.423580
0.233150
0.192870
0.369870
0.275880
0.168460
0.345460
0.484620
0.660400
0.579830
0.170900
-0.183110
-0.100100
0.142820
0.157470
0.092773
0.067139
0.212400
0.217290
0.104980
-0.084229
-0.161130
-0.343020
-0.637210
-0.760500
-0.739750
-0.688480
-0.776370
-0.761720
-0.786130
-0.831300
-0.926510
-1.060800
-1.179200
-1.269500
-1.246300
-1.281700
-1.290300
-1.292700
-1.269500
-1.243900
-1.187700
-1.154800
-1.197500
-1.204800
-1.171900
-1.149900
-1.116900
-1.101100
-1.158400
-1.170700
-1.118200
-1.036400
-1.021700
-0.982670
-0.927730
-0.859380
-0.803220
-0.791020
-0.764160
-0.698240
-0.601810
-0.590820
-0.509030
-0.479740
-0.445560
-0.422360
-0.327150
-0.224610
-0.144040
-0.086670
-0.004883
0.090332
0.162350
0.292970
0.438230
0.689700
1.062000
1.501500
2.027600
2.352300
2.528100
2.753900
2.742900
2.782000
2.713600
2.647700
2.652600
2.598900
2.602500
2.559800
2.498800
2.424300
2.124000
1.716300
1.384300
0.839840
0.489500
0.358890
0.227050
0.034180
-0.006104
0.422360
0.793460
1.120600
1.356200
1.701700
2.008100
2.153300
2.061800
1.832300
1.799300
1.657700
1.309800
1.096200
1.090100
1.012000
0.878910
0.799560
0.594480
0.285640
0.114750
-0.068359
-0.280760
-0.479740
-0.721440
-0.897220
-1.059600
-1.262200
-1.330600
-1.428200
-1.475800
-1.584500
-1.652800
-1.613800
-1.560100
-1.583300
-1.615000
-1.699200
-1.626000
-1.579600
-1.596700
-1.584500
-1.519800
-1.467300
-1.457500
-1.397700
-1.373300
-1.311000
-1.273200
-1.185300
-1.127900
-1.049800
-0.960690
-0.968020
-0.899660
-0.837400
-0.737300
-0.648190
-0.582280
-0.483400
-0.407710
-0.307620
-0.253910
-0.218510
-0.128170
0.037842
0.166020
0.253910
0.234380
0.345460
0.441890
0.517580
0.474850
0.501710
0.560300
0.758060
0.964360
1.048600
1.085200
1.106000
1.170700
1.367200
1.413600
1.567400
1.684600
1.683300
1.711400
1.899400
1.976300
1.843300
1.634500
1.530800
1.494100
1.118200
1.018100
1.104700
1.107200
0.754390
0.766600
0.850830
0.759280
0.750730
0.539550
0.411380
0.289310
0.190430
0.086670
-0.012207
-0.231930
-0.338130
-0.382080
-0.504150
-0.551760
-0.565190
-0.599370
-0.693360
-0.769040
-0.905760
-0.971680
-0.930180
-0.863040
-0.986330
-1.042500
-0.972900
-0.921630
-0.930180
-0.969240
-0.989990
-0.963130
-0.972900
-0.989990
-0.994870
-0.981450
-0.960690
-0.964360
-1.005900
-0.975340
-0.916750
-0.888670
-0.803220
-0.732420
-0.621340
-0.573730
-0.489500
-0.504150
-0.501710
-0.354000
-0.219730
-0.029297
0.212400
0.413820
0.660400
0.814210
0.942380
1.347700
1.114500
1.107200
0.885010
0.708010
0.578610
0.325930
0.310060
0.260010
0.189210
-0.042725
-0.255130
-0.310060
-0.332030
-0.233150
-0.096436
0.021973
0.158690
0.313720
0.379640
0.458980
0.274660
-0.117190
-0.185550
-0.220950
-0.374760
-0.402830
-0.357670
-0.324710
-0.268550
-0.177000
-0.220950
-0.347900
-0.419920
-0.522460
-0.673830
-0.643310
-0.765380
-0.865480
-0.843510
-0.915530
-0.943600
-0.952150
-0.969240
-0.959470
-0.891110
-0.844730
-0.920410
-0.877690
-0.859380
-0.893550
-0.952150
-0.910640
-0.866700
-0.815430
-0.690920
-0.659180
-0.672610
-0.646970
-0.629880
-0.623780
-0.571290
-0.512700
-0.419920
-0.435790
-0.417480
-0.411380
-0.367430
-0.318600
-0.296630
-0.286870
-0.235600
-0.294190
-0.405270
-0.402830
-0.395510
-0.288090
-0.109860
-0.081787
0.015869
0.153810
0.242920
0.405270
0.570070
0.809330
1.052200
1.265900
1.562500
1.761500
1.707800
1.503900
1.200000
0.916750
0.921630
1.185300
1.274400
1.126700
1.162100
1.163300
1.190200
1.104700
0.949710
1.005900
1.042500
0.791020
0.456540
0.406490
0.432130
0.372310
0.258790
0.046387
-0.206300
-0.360110
-0.454100
-0.480960
-0.518800
-0.479740
-0.670170
-0.787350
-0.837400
-0.950930
-0.861820
-0.820310
-0.826420
-0.756840
-0.677490
-0.649410
-0.668950
-0.756840
-0.793460
-0.853270
-0.836180
-0.777590
-0.762940
-0.740970
-0.760500
-0.733640
-0.576170
-0.402830
-0.330810
-0.181880
-0.218510
-0.271000
-0.247800
-0.207520
-0.371090
-0.394290
-0.368650
-0.260010
-0.164790
-0.228270
-0.118410
-0.029297
0.185550
0.093994
-0.007324
0.034180
0.217290
0.360110
0.303960
0.400390
0.454100
0.509030
0.285640
0.325930
0.422360
0.579830
0.671390
0.699460
0.596920
0.550540
0.656740
0.610350
0.488280
0.441890
0.319820
0.225830
0.120850
0.078125
-0.052490
-0.025635
-0.144040
-0.177000
-0.174560
-0.263670
-0.383300
-0.480960
-0.446780
-0.429690
-0.516360
-0.522460
-0.540770
-0.513920
-0.527340
-0.463870
-0.601810
-0.538330
-0.496830
-0.509030
-0.531010
-0.507810
-0.458980
-0.382080
-0.148930
0.152590
-0.083008
-0.101320
0.013428
0.091553
0.109860
0.129390
0.235600
0.200200
0.219730
0.230710
0.349120
0.301510
0.228270
0.162350
0.102540
