0.170900
0.241700
0.277100
0.114750
-0.036621
-0.034180
-0.056152
-0.035400
-0.090332
0.063477
0.029297
0.152590
0.239260
0.223390
0.234380
0.612790
0.998540
1.104700
1.058300
0.887450
0.815430
0.723880
0.609130
0.449220
0.290530
0.291750
0.208740
0.139160
0.548100
0.644530
0.620120
0.577390
0.532230
0.360110
0.161130
0.030518
0.070801
0.076904
0.211180
0.256350
0.238040
0.112300
0.111080
0.000000
-0.397950
-0.477290
-0.614010
-0.611570
-0.684810
-0.686040
-0.715330
-0.776370
-0.888670
-0.944820
-0.958250
-1.137700
-1.162100
-1.148700
-1.219500
-1.154800
-1.232900
-1.088900
-1.136500
-1.189000
-1.280500
-1.315900
-1.317100
-1.345200
-1.262200
-1.185300
-1.180400
-1.154800
-1.118200
-1.104700
-1.079100
-1.004600
-0.954590
-0.902100
-0.855710
-0.717770
-0.697020
-0.687260
-0.631100
-0.518800
-0.485840
-0.446780
-0.355220
-0.223390
-0.201420
-0.227050
-0.112300
-0.061035
-0.074463
0.028076
0.173340
0.306400
0.399170
0.360110
0.441890
0.715330
1.178000
1.444100
1.927500
2.484100
2.714800
3.002900
3.313000
3.375200
3.093300
2.869900
2.644000
2.380400
2.160600
1.705300
1.138900
0.727540
0.794680
0.827640
0.916750
0.921630
1.184100
1.485600
1.816400
1.740700
1.770000
1.825000
1.878700
1.617400
1.373300
1.127900
0.932620
0.797120
0.627440
0.444340
0.311280
0.012207
-0.102540
-0.159910
-0.356450
-0.324710
-0.393070
-0.457760
-0.777590
-0.887450
-1.057100
-1.112100
-1.184100
-1.160900
-1.226800
-1.210900
-1.191400
-1.224400
-1.279300
-1.123000
-1.273200
-1.261000
-1.265900
-1.148700
-1.270800
-1.309800
-1.200000
-1.087600
-1.333000
-1.248800
-1.075400
-1.114500
-0.946040
-0.832520
-0.655520
-0.672610
-0.576170
-0.382080
-0.262450
-0.310060
-0.253910
-0.041504
-0.128170
-0.107420
0.087891
0.244140
0.260010
0.358890
0.482180
0.570070
0.480960
0.629880
0.799560
0.927730
0.882570
1.136500
1.513700
1.637000
1.860400
1.983600
2.045900
2.122800
2.347400
2.242400
1.982400
1.805400
1.807900
1.676000
1.539300
1.368400
1.491700
1.160900
1.021700
0.976560
1.005900
1.085200
1.008300
1.059600
0.670170
0.410160
0.112300
0.092773
-0.009766
-0.097656
-0.211180
-0.263670
-0.186770
-0.371090
-0.539550
-0.416260
-0.512700
-0.515140
-0.765380
-0.876460
-0.939940
-0.908200
-1.008300
-0.852050
-0.948490
-1.022900
-1.059600
-0.877690
-0.806880
-0.881350
-0.593260
-0.593260
-0.747070
-0.557860
-0.386960
-0.275880
-0.688480
-0.509030
-0.395510
-0.128170
-0.283200
-0.281980
-0.146480
-0.046387
-0.125730
0.057373
0.251460
0.227050
0.615230
0.433350
0.314940
-0.079346
0.085449
-0.065918
-0.449220
-0.175780
-0.070801
-0.344240
-0.408940
-0.485840
-0.383300
-0.460210
-0.650630
-0.574950
-0.755620
-0.743410
-0.887450
-0.695800
-0.720210
-0.784910
-0.910640
-0.965580
-0.957030
-0.834960
-1.167000
-1.138900
-1.164600
-1.101100
-1.272000
-1.326900
-1.326900
-1.361100
-1.413600
-1.363500
-1.422100
-1.335400
-1.198700
-1.392800
-1.533200
-1.433100
-1.296400
-1.257300
-1.345200
-1.196300
-1.043700
-1.110800
-0.972900
-1.055900
-0.826420
-0.797120
-0.711670
-0.599370
-0.560300
-0.435790
-0.451660
-0.314940
-0.341800
-0.098877
-0.205080
-0.084229
0.208740
0.325930
0.515140
0.566410
0.744630
0.997310
1.073000
1.158400
0.985110
1.445300
1.651600
1.460000
1.053500
0.754390
0.701900
0.621340
0.478520
0.485840
0.095215
0.107420
0.195310
0.137940
0.198970
-0.131840
-0.156250
-0.059814
-0.240480
-0.332030
-0.189210
-0.028076
0.080566
-0.178220
-0.142820
-0.316160
-0.366210
-0.427250
-0.494380
-0.438230
-0.550540
-0.415040
-0.440670
-0.396730
-0.495610
-0.415040
-0.301510
-0.388180
-0.430910
-0.305180
-0.158690
-0.012207
0.080566
0.086670
0.156250
0.202640
0.158690
0.262450
0.255130
0.482180
0.468750
0.380860
0.327150
0.368650
0.374760
0.274660
0.252690
0.225830
0.220950
0.256350
0.242920
0.156250
0.161130
0.186770
-0.041504
-0.135500
-0.042725
-0.119630
-0.118410
0.015869
-0.136720
-0.134280
-0.015869
0.111080
0.284420
0.292970
0.245360
0.250240
0.089111
-0.040283
-0.068359
-0.053711
-0.153810
-0.207520
-0.206300
-0.075684
-0.096436
0.002441
0.153810
0.159910
-0.046387
-0.089111
-0.031738
-0.069580
-0.120850
-0.179440
-0.219730
-0.174560
-0.074463
-0.230710
-0.358890
-0.432130
-0.368650
-0.306400
-0.323490
-0.266110
-0.131840
-0.130620
-0.198970
-0.024414
0.081787
0.173340
0.152590
0.288090
0.323490
0.299070
0.429690
0.433350
0.407710
0.308840
0.394290
0.500490
0.421140
0.264890
0.236820
0.229490
0.247800
0.336910
0.424800
0.382080
0.377200
0.328370
0.189210
0.205080
0.195310
0.190430
0.333250
0.384520
0.400390
0.305180
0.380860
0.458980
0.478520
0.373540
0.192870
0.238040
0.167240
0.223390
0.350340
0.325930
0.373540
0.379640
0.413820
0.435790
0.266110
0.255130
0.350340
0.391850
0.289310
0.230710
0.201420
0.189210
0.190430
0.345460
0.324710
0.297850
0.344240
0.280760
0.361330
0.444340
0.378420
0.267330
0.197750
0.025635
