0.003662
0.087891
0.058594
0.179440
0.015869
0.004883
0.081787
0.170900
0.260010
0.286870
0.178220
0.213620
0.184330
0.048828
0.035400
0.401610
0.683590
0.549320
0.567630
0.301510
0.522460
0.715330
0.614010
0.324710
0.183110
0.208740
0.268550
0.256350
0.249020
0.413820
0.498050
0.727540
0.378420
-0.004883
0.092773
0.284420
0.445560
0.541990
0.379640
0.185550
0.295410
0.271000
0.148930
0.009766
-0.141600
-0.401610
-0.473630
-0.541990
-0.632320
-0.715330
-0.662840
-0.583500
-0.655520
-0.804440
-0.942380
-1.033900
-1.057100
-1.091300
-1.118200
-1.213400
-1.182900
-1.167000
-1.202400
-1.241500
-1.297600
-1.245100
-1.182900
-1.189000
-1.160900
-1.250000
-1.284200
-1.272000
-1.295200
-1.334200
-1.269500
-1.173100
-1.168200
-1.106000
-1.040000
-1.040000
-1.049800
-1.081500
-1.015600
-0.938720
-0.793460
-0.706790
-0.639650
-0.585940
-0.504150
-0.432130
-0.415040
-0.363770
-0.366210
-0.329590
-0.236820
-0.133060
-0.031738
0.115970
0.158690
0.324710
0.718990
1.181600
1.766400
2.236300
2.556200
3.077400
3.140900
2.981000
2.666000
2.524400
2.215600
2.176500
2.036100
1.960400
1.823700
1.495400
1.383100
1.366000
1.043700
0.749510
1.046100
1.208500
1.285400
1.608900
1.865200
2.030000
2.213100
2.241200
2.086200
1.853000
1.552700
1.389200
1.330600
1.340300
1.356200
1.293900
1.137700
1.052200
0.915530
0.819090
0.670170
0.607910
0.438230
0.290530
0.195310
-0.061035
-0.302730
-0.452880
-0.667720
-0.794680
-0.954590
-1.091300
-1.196300
-1.367200
-1.383100
-1.508800
-1.604000
-1.639400
-1.757800
-1.842000
-1.875000
-1.914100
-1.982400
-1.918900
-1.849400
-1.789600
-1.735800
-1.741900
-1.678500
-1.607700
-1.616200
-1.622300
-1.502700
-1.326900
-1.223100
-1.196300
-1.119400
-1.063200
-0.980220
-1.009500
-0.966800
-0.854490
-0.806880
-0.726320
-0.687260
-0.570070
-0.432130
-0.416260
-0.245360
-0.112300
-0.061035
0.045166
0.103760
0.234380
0.318600
0.235600
0.279540
0.327150
0.364990
0.477290
0.688480
0.932620
1.099900
1.198700
1.431900
1.676000
1.809100
2.005600
2.071500
2.232700
2.187500
2.213100
2.022700
2.060500
1.983600
1.856700
2.037400
1.947000
1.589400
1.461200
1.447800
1.307400
1.108400
1.019300
0.810550
0.740970
0.708010
0.737300
0.704350
0.579830
0.396730
0.211180
0.264890
-0.015869
-0.240480
-0.406490
-0.377200
-0.323490
-0.395510
-0.295410
-0.155030
-0.157470
-0.206300
-0.208740
-0.333250
-0.487060
-0.572510
-0.667720
-0.817870
-0.916750
-1.009500
-1.124300
-1.229200
-1.322000
-1.467300
-1.494100
-1.759000
-1.799300
-1.744400
-1.761500
-1.702900
-1.751700
-1.771200
-1.589400
-1.580800
-1.617400
-1.679700
-1.776100
-1.644300
-1.654100
-1.544200
-1.468500
-1.419700
-1.411100
-1.340300
-1.246300
-1.152300
-1.126700
-1.031500
-0.966800
-0.769040
-0.662840
-0.572510
-0.539550
-0.501710
-0.480960
-0.441890
-0.344240
-0.354000
-0.328370
-0.205080
-0.017090
0.209960
0.338130
0.579830
0.690920
0.823970
1.153600
1.470900
1.690700
1.950700
2.108200
2.142300
1.901900
1.879900
1.660200
1.361100
1.412400
1.364700
1.372100
1.519800
1.805400
2.038600
2.113000
1.720000
1.452600
1.340300
1.052200
0.786130
0.676270
0.534670
0.450440
0.362550
0.211180
0.211180
0.024414
-0.196530
-0.156250
-0.241700
-0.249020
-0.271000
-0.358890
-0.390630
-0.372310
-0.523680
-0.598140
-0.664060
-0.714110
-0.765380
-0.798340
-0.817870
-0.770260
-0.867920
-0.961910
-1.047400
-1.115700
-1.141400
-1.202400
-1.226800
-1.283000
-1.334200
-1.304900
-1.335400
-1.386700
-1.361100
-1.289100
-1.237800
-1.262200
-1.307400
-1.248800
-1.307400
-1.312300
-1.275600
-1.106000
-1.179200
-1.132800
-1.060800
-0.954590
-0.943600
-0.924070
-0.881350
-0.861820
-0.825200
-0.776370
-0.626220
-0.524900
-0.429690
-0.297850
-0.214840
-0.142820
0.019531
0.076904
0.117190
0.123290
0.158690
0.252690
0.316160
0.393070
0.457760
0.571290
0.747070
0.989990
1.246300
1.445300
1.726100
1.818800
1.839600
1.884800
1.846900
1.666300
1.843300
1.818800
1.867700
2.094700
2.111800
2.085000
2.163100
1.915300
1.602800
1.529500
1.366000
1.071800
0.932620
0.941160
0.855710
0.805660
0.755620
0.667720
0.496830
0.340580
0.023193
-0.029297
0.042725
0.010986
-0.184330
-0.274660
-0.356450
-0.399170
-0.529790
-0.640870
-0.550540
-0.677490
-0.683590
-0.653080
-0.744630
-0.786130
-0.657960
-0.738530
-0.885010
-0.898440
-0.799560
-0.610350
-0.677490
-0.709230
-0.743410
-0.762940
-0.798340
-0.684810
-0.622560
-0.534670
-0.476070
-0.438230
-0.465090
-0.374760
-0.406490
-0.330810
-0.219730
-0.173340
-0.048828
-0.034180
0.000000
0.013428
0.084229
0.101320
0.156250
0.312500
0.440670
0.307620
0.172120
0.119630
0.141600
0.250240
0.046387
-0.118410
-0.184330
-0.147710
-0.198970
-0.271000
-0.384520
-0.517580
-0.592040
-0.738530
-0.806880
-0.814210
-0.861820
-0.935060
-0.960690
-0.888670
-0.841060
-0.953370
-0.950930
-0.899660
-0.904540
-0.913090
-0.964360
-0.911870
-0.893550
-0.805660
-0.872800
-0.916750
