-0.035400
0.086670
0.113530
0.164790
0.069580
0.096436
0.109860
0.109860
0.040283
0.035400
0.124510
0.186770
0.208740
0.197750
0.194090
0.317380
0.494380
0.544430
0.821530
0.655520
0.380860
0.556640
0.544430
0.424800
0.416260
0.412600
0.706790
0.671390
0.841060
0.994870
0.833740
0.819090
0.977780
0.601810
0.017090
0.070801
0.249020
0.434570
0.496830
0.373540
0.446780
0.590820
0.467530
0.235600
-0.065918
-0.175780
-0.238040
-0.548100
-0.649410
-0.721440
-0.872800
-0.872800
-0.832520
-0.891110
-0.935060
-1.070600
-1.170700
-1.247600
-1.322000
-1.289100
-1.198700
-1.119400
-1.102300
-1.063200
-1.075400
-1.129200
-1.120600
-1.130400
-1.154800
-1.125500
-1.286600
-1.361100
-1.425800
-1.424600
-1.409900
-1.311000
-1.231700
-1.228000
-1.272000
-1.197500
-1.200000
-1.174300
-1.102300
-1.106000
-1.044900
-0.944820
-0.958250
-0.979000
-0.931400
-0.819090
-0.727540
-0.683590
-0.643310
-0.551760
-0.522460
-0.457760
-0.336910
-0.198970
-0.024414
0.238040
0.595700
0.981450
1.540500
2.011700
2.375500
2.624500
2.574500
2.513400
2.324200
2.219200
2.113000
2.019000
1.932400
1.853000
1.851800
1.777300
1.586900
1.315900
0.852050
0.560300
0.334470
0.145260
0.130620
0.452880
0.443120
0.728760
0.931400
1.071800
1.192600
1.312300
1.495400
1.518600
1.529500
1.667500
1.827400
1.881100
1.884800
1.784700
1.688200
1.658900
1.500200
1.319600
1.207300
0.930180
0.687260
0.458980
0.240480
0.048828
-0.091553
-0.280760
-0.423580
-0.639650
-0.701900
-0.838620
-0.924070
-1.108400
-1.201200
-1.273200
-1.361100
-1.452600
-1.533200
-1.635700
-1.746800
-1.798100
-1.825000
-1.851800
-1.840800
-1.837200
-1.727300
-1.649200
-1.654100
-1.584500
-1.516100
-1.447800
-1.320800
-1.328100
-1.335400
-1.265900
-1.217000
-1.140100
-1.064500
-1.015600
-0.921630
-0.798340
-0.654300
-0.550540
-0.552980
-0.549320
-0.504150
-0.410160
-0.324710
-0.224610
-0.192870
-0.098877
-0.029297
0.009766
0.187990
0.284420
0.362550
0.509030
0.637210
0.664060
0.694580
0.697020
0.808110
0.866700
0.885010
1.059600
1.163300
1.206100
1.434300
1.611300
1.872600
2.177700
2.401100
2.575700
2.562300
2.539100
2.253400
2.159400
2.064200
1.611300
1.470900
1.293900
0.915530
0.773930
0.797120
1.010700
0.969240
0.982670
0.935060
0.944820
0.931400
0.778810
0.661620
0.512700
0.346680
0.194090
0.042725
-0.129390
-0.366210
-0.566410
-0.704350
-0.739750
-0.889890
-0.950930
-0.950930
-0.906980
-0.913090
-0.965580
-1.038800
-1.054700
-1.120600
-1.268300
-1.401400
-1.460000
-1.440400
-1.413600
-1.401400
-1.368400
-1.348900
-1.422100
-1.497800
-1.545400
-1.583300
-1.567400
-1.458700
-1.373300
-1.246300
-1.204800
-1.254900
-1.108400
-1.046100
-1.042500
-0.996090
-0.944820
-0.883790
-0.758060
-0.616460
-0.583500
-0.550540
-0.427250
-0.466310
-0.395510
-0.391850
-0.354000
-0.218510
-0.126950
-0.032959
0.101320
0.292970
0.490720
0.800780
1.026600
1.193800
1.611300
2.052000
2.297400
2.440200
2.600100
2.153300
1.849400
1.516100
1.276900
1.223100
0.946040
0.743410
0.777590
0.896000
0.935060
1.080300
1.348900
1.424600
1.292700
1.054700
0.889890
0.583500
0.478520
0.306400
0.065918
-0.061035
-0.091553
-0.053711
0.115970
0.107420
0.028076
-0.018311
-0.006104
-0.151370
-0.239260
-0.305180
-0.323490
-0.065918
0.133060
0.186770
0.220950
0.267330
0.261230
0.158690
0.168460
0.163570
0.072021
0.032959
-0.053711
-0.255130
-0.437010
-0.611570
-0.731200
-0.897220
-1.029100
-1.131600
-1.230500
-1.270800
-1.342800
-1.464800
-1.593000
-1.662600
-1.707800
-1.749300
-1.717500
-1.579600
-1.405000
-1.407500
-1.475800
-1.438000
-1.417200
-1.320800
-1.231700
-1.210900
-1.163300
-1.060800
-1.108400
-1.079100
-1.075400
-0.927730
-0.863040
-0.789790
-0.599370
-0.406490
-0.305180
-0.187990
-0.075684
-0.042725
0.087891
0.068359
0.076904
0.146480
0.222170
0.266110
0.308840
0.339360
0.472410
0.588380
0.631100
0.609130
0.683590
0.716550
0.567630
0.517580
0.560300
0.480960
-0.025635
-0.137940
-0.046387
-0.068359
0.036621
0.144040
0.323490
0.516360
0.598140
0.877690
0.825200
0.738530
0.744630
0.806880
0.725100
0.661620
0.498050
0.382080
0.236820
0.109860
0.083008
-0.020752
-0.108640
-0.159910
-0.167240
-0.142820
-0.163570
-0.128170
-0.213620
-0.273440
-0.296630
-0.195310
-0.200200
-0.168460
-0.228270
-0.142820
-0.156250
-0.140380
-0.097656
-0.072021
-0.046387
-0.056152
-0.020752
-0.042725
-0.086670
-0.118410
-0.172120
-0.159910
-0.104980
-0.109860
-0.095215
-0.135500
-0.059814
0.057373
0.267330
0.355220
0.369870
0.455320
0.618900
0.539550
0.550540
0.429690
0.343020
0.245360
0.085449
0.031738
-0.185550
-0.295410
-0.195310
-0.407710
-0.540770
-0.561520
-0.438230
-0.512700
-0.562740
-0.612790
-0.581050
-0.581050
-0.418700
-0.445560
-0.378420
-0.175780
-0.112300
-0.300290
-0.307620
-0.184330
-0.125730
-0.203860
-0.250240
-0.367430
-0.273440
-0.428470
-0.429690
-0.327150
-0.368650
-0.441890
-0.421140
-0.290530
-0.078125
