0.288090
0.299070
0.341800
0.361330
0.372310
0.406490
0.516360
0.583500
0.657960
0.615230
0.635990
0.716550
0.745850
0.803220
0.880130
1.031500
1.715100
2.868700
4.831500
6.414800
6.755400
6.561300
6.309800
5.883800
5.040300
3.674300
2.397500
1.379400
1.191400
1.013200
0.896000
1.136500
1.283000
1.291500
1.381800
1.380600
1.543000
1.522200
1.540500
1.704100
1.866500
2.021500
1.755400
1.469700
1.063200
0.633540
0.262450
0.155030
0.024414
-0.170900
-0.360110
-0.604250
-0.905760
-1.071800
-1.068100
-1.079100
-1.170700
-1.165800
-1.347700
-1.419700
-1.480700
-1.556400
-1.593000
-1.585700
-1.480700
-1.439200
-1.481900
-1.547900
-1.567400
-1.633300
-1.671100
-1.687000
-1.663800
-1.575900
-1.550300
-1.544200
-1.503900
-1.461200
-1.503900
-1.455100
-1.387900
-1.347700
-1.309800
-1.302500
-1.278100
-1.263400
-1.210900
-1.149900
-1.115700
-1.015600
-0.903320
-0.776370
-0.725100
-0.684810
-0.584720
-0.510250
-0.369870
-0.152590
0.295410
0.924070
1.497800
2.114300
2.425500
2.734400
2.908900
2.807600
2.524400
2.074000
1.505100
1.293900
1.049800
0.731200
0.329590
0.131840
0.037842
-0.002441
-0.035400
-0.100100
0.145260
0.493160
0.604250
0.695800
0.767820
0.776370
0.627440
0.307620
0.190430
0.147710
0.098877
0.025635
0.113530
0.209960
0.217290
0.213620
0.186770
0.137940
0.059814
0.039063
-0.169680
-0.278320
-0.451660
-0.643310
-0.854490
-1.008300
-1.019300
-1.109600
-1.220700
-1.251200
-1.268300
-1.368400
-1.545400
-1.612500
-1.721200
-1.779800
-1.760300
-1.718800
-1.573500
-1.400100
-1.304900
-1.302500
-1.308600
-1.336700
-1.319600
-1.247600
-1.203600
-1.167000
-1.096200
-1.018100
-0.917970
-0.875240
-0.864260
-0.803220
-0.701900
-0.588380
-0.559080
-0.487060
-0.450440
-0.394290
-0.297850
-0.250240
-0.189210
-0.151370
-0.048828
0.000000
0.112300
0.106200
0.213620
0.224610
0.316160
0.437010
0.566410
0.732420
0.758060
0.794680
0.808110
0.852050
0.963130
1.065700
1.093800
1.200000
1.378200
1.499000
1.594200
1.646700
1.831100
1.951900
2.026400
1.816400
1.561300
1.770000
1.541700
1.623500
1.660200
1.474600
1.293900
1.381800
1.602800
1.307400
1.025400
1.010700
0.941160
0.946040
0.798340
0.740970
0.627440
0.358890
0.185550
0.084229
-0.103760
-0.312500
-0.490720
-0.668950
-0.797120
-0.882570
-0.960690
-1.020500
-1.069300
-1.042500
-1.049800
-1.093800
-1.147500
-1.121800
-1.140100
-1.181600
-1.198700
-1.254900
-1.303700
-1.335400
-1.345200
-1.291500
-1.258500
-1.160900
-1.107200
-1.087600
-1.092500
-1.174300
-1.106000
-1.037600
-0.961910
-0.917970
-0.800780
-0.786130
-0.731200
-0.662840
-0.610350
-0.490720
-0.313720
-0.229490
-0.206300
-0.189210
-0.090332
0.015869
0.046387
0.133060
0.255130
0.275880
0.396730
0.358890
0.479740
0.577390
0.585940
0.632320
0.715330
0.817870
1.001000
1.290300
1.483200
1.479500
1.629600
1.765100
1.910400
1.848100
1.814000
1.605200
1.430700
1.335400
1.092500
1.080300
0.994870
0.507810
0.385740
0.416260
0.709230
0.756840
0.883790
1.010700
0.983890
1.129200
1.182900
0.751950
0.585940
0.560300
0.489500
0.380860
0.350340
0.405270
0.297850
0.069580
0.020752
-0.137940
-0.311280
-0.292970
-0.395510
-0.496830
-0.583500
-0.555420
-0.504150
-0.561520
-0.676270
-0.865480
-0.926510
-0.955810
-0.937500
-0.952150
-0.952150
-0.917970
-0.976560
-1.009500
-0.941160
-1.048600
-1.076700
-1.075400
-1.038800
-0.991210
-1.021700
-1.068100
-1.132800
-1.143800
-1.127900
-1.010700
-1.012000
-1.016800
-0.996090
-0.952150
-0.821530
-0.802000
-0.837400
-0.772710
-0.709230
-0.545650
-0.394290
-0.306400
-0.225830
-0.166020
-0.050049
0.225830
0.607910
0.883790
1.109600
1.407500
1.569800
1.335400
1.264600
1.251200
1.189000
0.766600
0.554200
0.607910
0.541990
0.330810
0.274660
0.153810
0.122070
0.245360
0.252690
0.167240
0.354000
0.242920
-0.035400
0.124510
0.410160
0.386960
0.247800
0.019531
0.061035
0.180660
0.202640
0.017090
-0.012207
-0.146480
-0.341800
-0.526120
-0.633540
-0.595700
-0.675050
-0.791020
-0.903320
-0.939940
-1.013200
-1.109600
-1.202400
-1.353800
-1.403800
-1.401400
-1.414800
-1.374500
-1.336700
-1.373300
-1.324500
-1.314700
-1.309800
-1.220700
-1.186500
-1.106000
-1.148700
-1.109600
-1.018100
-0.933840
-0.955810
-0.941160
-0.922850
-0.850830
-0.748290
-0.681150
-0.644530
-0.612790
-0.573730
-0.490720
-0.491940
-0.491940
-0.452880
-0.427250
-0.316160
-0.257570
-0.155030
-0.029297
0.028076
0.065918
0.084229
0.113530
0.101320
0.202640
0.260010
0.380860
0.549320
0.645750
0.823970
0.820310
0.974120
1.180400
1.252400
1.431900
1.544200
1.649200
1.812700
1.803000
1.688200
1.613800
1.541700
1.434300
1.307400
1.231700
1.162100
1.165800
1.196300
1.135300
1.068100
1.022900
0.944820
0.792240
0.852050
1.029100
1.080300
1.077900
1.024200
0.795900
0.513920
0.286870
0.208740
0.125730
0.162350
0.017090
-0.145260
-0.177000
-0.268550
-0.334470
-0.390630
-0.410160
-0.428470
-0.520020
