0.428470
0.192870
0.010986
0.086670
0.079346
0.010986
0.086670
0.026855
-0.073242
0.037842
0.042725
0.026855
0.178220
0.200200
0.085449
0.019531
-0.114750
0.087891
0.472410
0.822750
0.747070
0.736080
0.620120
0.690920
0.714110
0.734860
0.186770
-0.256350
-0.118410
-0.269780
-0.189210
-0.092773
0.008545
0.192870
0.218510
0.206300
-0.001221
-0.146480
-0.123290
0.030518
-0.042725
-0.144040
-0.267330
-0.018311
0.111080
-0.058594
-0.135500
-0.360110
-0.612790
-0.661620
-0.792240
-0.961910
-0.899660
-0.867920
-0.808110
-0.825200
-0.889890
-0.948490
-1.075400
-1.179200
-1.258500
-1.309800
-1.342800
-1.402600
-1.361100
-1.461200
-1.475800
-1.496600
-1.529500
-1.439200
-1.425800
-1.485600
-1.333000
-1.386700
-1.395300
-1.377000
-1.367200
-1.344000
-1.283000
-1.204800
-1.136500
-1.087600
-1.014400
-0.954590
-0.892330
-0.845950
-0.773930
-0.625000
-0.621340
-0.550540
-0.418700
-0.439450
-0.377200
-0.269780
-0.197750
-0.184330
-0.100100
-0.026855
0.051270
0.147710
0.419920
0.698240
1.047400
1.479500
1.904300
2.315700
2.631800
2.965100
2.990700
3.126200
3.013900
2.941900
2.872300
2.401100
2.352300
2.177700
1.806600
1.323200
0.845950
0.705570
0.532230
0.532230
0.993650
1.096200
1.203600
1.595500
1.966600
1.971400
2.063000
2.067900
1.978800
1.759000
1.447800
1.209700
1.104700
0.876460
0.684810
0.620120
0.482180
0.208740
0.097656
-0.037842
-0.202640
-0.373540
-0.468750
-0.561520
-0.645750
-0.725100
-0.845950
-0.963130
-0.987550
-1.013200
-1.085200
-1.136500
-1.208500
-1.336700
-1.336700
-1.325700
-1.407500
-1.361100
-1.298800
-1.308600
-1.239000
-1.242700
-1.223100
-1.197500
-1.142600
-0.970460
-0.976560
-0.941160
-0.888670
-0.875240
-0.804440
-0.776370
-0.677490
-0.588380
-0.520020
-0.413820
-0.333250
-0.249020
-0.191650
-0.155030
-0.208740
-0.189210
-0.117190
0.040283
0.048828
0.100100
0.133060
0.137940
0.289310
0.366210
0.495610
0.581050
0.620120
0.698240
0.709230
0.782470
0.981450
1.018100
1.156000
1.284200
1.396500
1.616200
1.778600
2.031300
2.334000
2.413300
2.294900
2.386500
2.327900
2.043500
2.041000
2.055700
1.947000
1.699200
1.612500
1.477100
1.186500
0.914310
0.667720
0.534670
0.377200
0.157470
0.040283
-0.108640
-0.046387
-0.037842
-0.214840
-0.235600
-0.437010
-0.622560
-0.806880
-0.837400
-0.839840
-0.852050
-0.998540
-1.075400
-1.120600
-1.191400
-1.200000
-1.187700
-1.358600
-1.353800
-1.286600
-1.307400
-1.318400
-1.336700
-1.296400
-1.351300
-1.407500
-1.427000
-1.429400
-1.398900
-1.353800
-1.370800
-1.345200
-1.274400
-1.153600
-1.164600
-1.258500
-1.239000
-1.231700
-1.152300
-1.093800
-1.136500
-1.163300
-1.103500
-1.069300
-1.021700
-0.937500
-0.802000
-0.594480
-0.489500
-0.273440
-0.067139
0.201420
0.386960
0.617680
0.899660
1.200000
1.353800
1.596700
1.853000
1.926300
1.635700
1.300000
1.060800
0.808110
0.629880
0.548100
0.483400
0.745850
0.999760
1.206100
1.336700
1.394000
1.396500
1.254900
0.799560
0.521240
0.418700
0.146480
0.063477
-0.004883
0.013428
-0.087891
-0.107420
-0.177000
-0.181880
-0.277100
-0.378420
-0.488280
-0.626220
-0.642090
-0.714110
-0.765380
-0.787350
-0.828860
-0.900880
-0.875240
-0.797120
-0.764160
-0.759280
-0.773930
-0.852050
-0.856930
-0.809330
-0.889890
-0.866700
-0.972900
-1.007100
-1.076700
-1.141400
-1.204800
-1.192600
-1.214600
-1.196300
-1.173100
-1.212200
-1.252400
-1.257300
-1.253700
-1.237800
-1.169400
-1.096200
-1.119400
-1.010700
-0.900880
-0.878910
-0.864260
-0.827640
-0.740970
-0.715330
-0.687260
-0.583500
-0.541990
-0.506590
-0.458980
-0.386960
-0.312500
-0.231930
-0.197750
-0.166020
-0.062256
0.046387
0.035400
0.068359
0.213620
0.384520
0.655520
0.825200
0.974120
1.040000
1.279300
1.398900
1.466100
1.418500
1.308600
1.126700
1.113300
1.319600
1.464800
1.578400
1.671100
1.892100
2.127700
2.135000
1.887200
1.654100
1.519800
1.308600
1.209700
1.029100
0.861820
0.701900
0.725100
0.894780
0.767820
0.734860
0.683590
0.527340
0.490720
0.343020
0.230710
0.093994
-0.023193
-0.203860
-0.385740
-0.422360
-0.472410
-0.499270
-0.524900
-0.506590
-0.482180
-0.355220
-0.491940
-0.600590
-0.684810
-0.662840
-0.620120
-0.701900
-0.651860
-0.645750
-0.634770
-0.645750
-0.567630
-0.526120
-0.509030
-0.526120
-0.589600
-0.474850
-0.388180
-0.263670
-0.209960
-0.277100
-0.307620
-0.267330
-0.233150
-0.235600
-0.145260
-0.006104
0.092773
0.189210
0.189210
0.103760
0.057373
-0.006104
-0.004883
0.020752
0.197750
0.294190
0.263670
0.242920
0.240480
0.278320
0.130620
-0.010986
-0.151370
-0.141600
-0.172120
-0.128170
-0.122070
-0.145260
-0.207520
-0.261230
-0.367430
-0.483400
-0.555420
-0.639650
-0.498050
-0.404050
-0.339360
-0.384520
-0.412600
-0.428470
-0.434570
-0.561520
-0.589600
-0.587160
-0.506590
-0.397950
-0.382080
-0.277100
-0.289310
-0.323490
-0.322270
-0.209960
-0.421140
-0.218510
-0.018311
-0.098877
-0.306400
-0.219730
-0.162350
0.062256
0.172120
0.202640
0.201420
0.139160
