0.208740
0.084229
0.089111
-0.050049
-0.083008
-0.100100
-0.053711
0.090332
-0.001221
0.013428
-0.073242
-0.256350
-0.301510
-0.164790
-0.133060
-0.089111
-0.008545
0.155030
0.541990
0.889890
1.013200
0.665280
0.441890
0.314940
0.297850
0.401610
0.317380
-0.008545
-0.135500
-0.140380
0.146480
0.179440
0.223390
0.133060
0.093994
0.289310
0.144040
-0.257570
-0.273440
-0.167240
-0.102540
0.032959
-0.137940
-0.209960
-0.150150
0.080566
0.170900
0.029297
-0.245360
-0.384520
-0.590820
-0.854490
-0.926510
-0.860600
-0.833740
-0.823970
-0.844730
-0.859380
-0.911870
-0.954590
-1.018100
-1.081500
-1.186500
-1.320800
-1.353800
-1.357400
-1.345200
-1.363500
-1.425800
-1.419700
-1.366000
-1.339100
-1.373300
-1.385500
-1.373300
-1.344000
-1.264600
-1.178000
-1.104700
-1.086400
-0.981450
-0.899660
-0.832520
-0.765380
-0.689700
-0.615230
-0.549320
-0.454100
-0.300290
-0.283200
-0.280760
-0.196530
-0.136720
-0.118410
-0.039063
0.035400
0.086670
0.134280
0.233150
0.356450
0.465090
0.665280
1.010700
1.428200
1.915300
2.360800
2.768600
3.033400
3.115200
3.082300
3.158000
3.020000
2.951700
2.710000
2.548800
2.335200
2.058100
1.900600
1.676000
1.322000
0.750730
0.633540
0.694580
0.866700
1.060800
1.027800
1.174300
1.590600
1.739500
1.822500
1.731000
1.497800
1.292700
1.110800
1.024200
0.910640
0.684810
0.506590
0.412600
0.422360
0.451660
0.510250
0.513920
0.581050
0.502930
0.499270
0.565190
0.473630
0.292970
0.212400
0.089111
-0.191650
-0.385740
-0.570070
-0.677490
-0.802000
-0.925290
-0.999760
-1.108400
-1.236600
-1.298800
-1.325700
-1.411100
-1.529500
-1.595500
-1.596700
-1.607700
-1.596700
-1.575900
-1.527100
-1.489300
-1.449000
-1.414800
-1.413600
-1.317100
-1.311000
-1.289100
-1.159700
-1.041300
-0.863040
-0.847170
-0.803220
-0.661620
-0.603030
-0.552980
-0.540770
-0.469970
-0.411380
-0.250240
-0.194090
-0.198970
-0.091553
0.000000
0.040283
0.156250
0.347900
0.515140
0.625000
0.704350
0.847170
1.033900
1.226800
1.270800
1.523400
1.831100
2.008100
2.229000
2.393800
2.523200
2.738000
3.039600
2.834500
2.467000
2.282700
2.025100
1.735800
1.557600
1.411100
1.242700
1.044900
0.864260
0.739750
0.695800
0.610350
0.473630
0.281980
0.155030
-0.032959
-0.273440
-0.391850
-0.538330
-0.614010
-0.742190
-0.814210
-0.933840
-0.997310
-0.996090
-0.998540
-0.987550
-0.998540
-0.986330
-0.957030
-1.012000
-1.121800
-1.136500
-1.088900
-1.104700
-1.086400
-1.063200
-1.026600
-0.952150
-1.026600
-1.020500
-1.014400
-0.955810
-0.933840
-0.821530
-0.671390
-0.538330
-0.488280
-0.295410
-0.212400
0.007324
-0.025635
-0.052490
-0.146480
-0.039063
0.059814
0.020752
0.057373
-0.056152
-0.031738
0.170900
0.200200
0.128170
0.141600
-0.124510
-0.032959
0.225830
0.112300
-0.096436
-0.151370
-0.030518
0.093994
0.233150
0.275880
-0.081787
-0.241700
-0.198970
-0.202640
-0.249020
-0.249020
-0.389400
-0.334470
-0.336910
-0.375980
-0.306400
-0.338130
-0.479740
-0.493160
-0.640870
-0.789790
-0.772710
-0.760500
-0.643310
-0.571290
-0.517580
-0.611570
-0.718990
-0.697020
-0.727540
-0.789790
-0.825200
-0.825200
-0.908200
-0.982670
-1.031500
-1.060800
-1.084000
-1.130400
-1.197500
-1.261000
-1.276900
-1.295200
-1.328100
-1.384300
-1.380600
-1.279300
-1.283000
-1.262200
-1.193800
-1.189000
-1.170700
-1.218300
-1.152300
-1.091300
-1.062000
-1.071800
-1.031500
-0.958250
-0.897220
-0.799560
-0.830080
-0.767820
-0.622560
-0.522460
-0.522460
-0.433350
-0.391850
-0.306400
-0.258790
-0.141600
-0.065918
-0.063477
-0.048828
0.036621
0.159910
0.223390
0.307620
0.400390
0.535890
0.670170
0.789790
0.867920
0.964360
0.982670
1.107200
1.340300
1.643100
1.842000
2.034900
2.170400
1.951900
1.492900
1.232900
1.362300
1.729700
1.943400
2.094700
2.343800
2.414600
2.408400
2.590300
2.534200
2.347400
1.982400
1.842000
1.876200
1.991000
1.921400
1.705300
1.480700
1.261000
0.942380
0.633540
0.501710
0.449220
0.318600
0.069580
0.107420
0.195310
0.136720
-0.096436
-0.190430
-0.268550
-0.274660
-0.192870
-0.130620
-0.108640
-0.175780
-0.260010
-0.310060
-0.272220
-0.313720
-0.437010
-0.394290
-0.483400
-0.546880
-0.642090
-0.748290
-0.830080
-0.878910
-0.856930
-0.795900
-0.738530
-0.620120
-0.589600
-0.505370
-0.546880
-0.544430
-0.549320
-0.648190
-0.661620
-0.582280
-0.599370
-0.566410
-0.557860
-0.434570
-0.275880
-0.253910
-0.255130
-0.141600
0.003662
0.092773
-0.091553
-0.196530
-0.178220
-0.231930
-0.224610
-0.202640
-0.253910
-0.258790
-0.157470
-0.130620
-0.268550
-0.129390
-0.107420
-0.083008
-0.080566
-0.109860
-0.202640
-0.347900
-0.333250
-0.322270
-0.180660
-0.067139
-0.209960
-0.373540
-0.269780
-0.186770
-0.047607
0.133060
0.086670
0.042725
-0.019531
-0.166020
-0.316160
-0.345460
-0.439450
-0.524900
-0.544430
-0.574950
-0.601810
-0.561520
-0.509030
-0.517580
-0.518800
-0.518800
-0.610350
-0.649410
-0.610350
-0.595700
-0.593260
-0.643310
-0.682370
-0.701900
-0.552980
-0.378420
-0.373540
-0.416260
