0.128170
-0.096436
-0.239260
-0.269780
-0.177000
-0.108640
-0.205080
-0.224610
-0.185550
-0.058594
-0.081787
-0.129390
-0.053711
-0.112300
-0.072021
0.003662
0.081787
0.241700
0.668950
0.649410
0.231930
-0.147710
-0.122070
-0.070801
0.017090
0.109860
0.213620
0.186770
0.267330
0.244140
0.338130
0.573730
0.350340
0.177000
0.178220
0.187990
-0.101320
-0.025635
0.074463
0.102540
0.272220
0.345460
0.408940
0.321040
0.264890
0.189210
0.072021
0.037842
0.097656
-0.070801
-0.217290
-0.217290
-0.157470
-0.239260
-0.145260
-0.140380
-0.137940
-0.054932
-0.095215
0.067139
0.194090
0.065918
-0.065918
-0.195310
-0.085449
0.108640
0.093994
0.086670
0.223390
0.260010
0.300290
0.305180
0.268550
0.295410
-0.103760
-0.272220
-0.499270
-0.396730
-0.175780
-0.089111
0.001221
-0.230710
-0.498050
-0.402830
-0.216060
-0.070801
-0.217290
-0.449220
-0.394290
-0.250240
-0.172120
-0.175780
-0.081787
-0.166020
-0.238040
0.046387
-0.006104
-0.263670
-0.324710
-0.139160
-0.076904
-0.157470
-0.350340
-0.258790
-0.125730
-0.151370
0.072021
0.195310
0.343020
0.617680
0.682370
0.627440
0.521240
0.438230
0.380860
0.266110
-0.037842
-0.045166
0.097656
0.230710
0.406490
0.418700
0.378420
0.584720
0.642090
0.572510
0.296630
0.216060
0.119630
0.107420
0.158690
0.273440
0.347900
0.225830
0.180660
0.209960
0.400390
0.600590
0.684810
0.272220
-0.050049
-0.277100
-0.386960
-0.560300
-0.460210
-0.311280
-0.340580
-0.346680
-0.314940
-0.135500
0.069580
0.114750
-0.041504
-0.212400
-0.394290
-0.683590
-0.687260
-0.538330
-0.432130
-0.412600
-0.408940
-0.341800
-0.020752
-0.107420
-0.074463
0.012207
-0.111080
-0.192870
-0.280760
-0.395510
-0.252690
-0.281980
-0.266110
-0.251460
-0.241700
-0.197750
-0.242920
-0.327150
-0.343020
-0.323490
-0.220950
-0.140380
-0.223390
-0.379640
-0.380860
-0.316160
-0.225830
-0.113530
0.001221
0.014648
0.034180
0.123290
-0.145260
-0.623780
-0.665280
-0.443120
-0.449220
-0.430910
-0.186770
0.064697
0.137940
0.468750
0.632320
0.598140
0.488280
0.330810
-0.010986
0.034180
0.065918
0.021973
0.054932
0.052490
-0.014648
-0.048828
0.037842
0.136720
0.003662
0.017090
0.075684
0.109860
0.152590
-0.041504
-0.097656
0.093994
0.178220
0.279540
0.340580
0.056152
-0.051270
-0.010986
0.053711
0.020752
0.101320
0.191650
0.200200
0.225830
0.261230
0.238040
0.074463
-0.202640
-0.175780
-0.092773
-0.028076
0.075684
0.023193
0.325930
0.325930
0.069580
-0.015869
-0.190430
-0.134280
-0.056152
-0.213620
-0.240480
-0.107420
0.097656
0.091553
-0.097656
-0.179440
-0.269780
-0.345460
-0.435790
-0.355220
-0.209960
-0.064697
-0.189210
-0.196530
-0.339360
-0.294190
-0.421140
-0.426030
-0.458980
-0.222170
0.035400
0.291750
0.269780
0.269780
0.078125
-0.076904
-0.030518
-0.029297
0.041504
0.058594
0.010986
-0.036621
0.131840
0.262450
0.262450
0.040283
-0.142820
-0.173340
-0.302730
-0.268550
-0.170900
-0.206300
-0.290530
-0.235600
-0.133060
0.063477
0.318600
0.323490
0.324710
0.161130
0.039063
-0.068359
-0.068359
-0.142820
-0.113530
-0.037842
-0.103760
-0.007324
0.003662
0.089111
0.043945
0.000000
-0.004883
0.021973
0.021973
0.073242
0.114750
0.097656
0.074463
0.137940
0.147710
0.230710
0.286870
0.084229
-0.023193
0.107420
0.042725
0.102540
0.177000
0.284420
0.201420
0.418700
0.646970
0.410160
0.214840
0.004883
-0.020752
-0.051270
-0.070801
0.023193
0.225830
0.140380
0.069580
0.186770
0.183110
-0.004883
-0.075684
-0.037842
0.002441
0.079346
0.148930
0.233150
0.206300
0.277100
0.405270
0.478520
0.407710
0.162350
-0.019531
0.120850
0.141600
0.136720
0.075684
0.058594
0.083008
0.190430
0.271000
0.318600
0.362550
0.108640
-0.015869
0.028076
0.040283
0.208740
0.161130
0.190430
0.286870
0.423580
0.407710
0.357670
0.135500
0.034180
0.078125
0.187990
0.338130
0.364990
0.179440
0.043945
-0.069580
-0.108640
-0.045166
0.034180
0.162350
0.245360
0.301510
0.297850
0.305180
0.419920
0.316160
0.290530
0.161130
0.036621
0.023193
0.023193
-0.170900
-0.349120
-0.297850
-0.085449
0.028076
0.079346
0.163570
0.119630
-0.067139
-0.169680
-0.147710
-0.084229
-0.041504
-0.067139
0.053711
0.443120
0.582280
0.600590
0.477290
0.506590
0.269780
-0.058594
-0.339360
-0.333250
-0.327150
-0.217290
-0.283200
-0.244140
-0.280760
-0.443120
-0.257570
-0.163570
-0.229490
-0.141600
-0.046387
-0.122070
-0.185550
-0.169680
-0.078125
-0.013428
-0.084229
0.037842
0.252690
0.444340
0.645750
0.477290
0.224610
-0.115970
-0.111080
-0.098877
-0.085449
-0.087891
0.002441
0.080566
0.073242
0.249020
0.377200
0.386960
0.445560
0.386960
0.090332
-0.163570
-0.350340
-0.424800
-0.413820
-0.267330
-0.177000
-0.229490
-0.234380
0.051270
0.289310
0.222170
0.037842
-0.175780
-0.390630
-0.550540
-0.737300
-0.795900
-0.711670
-0.590820
-0.404050
-0.031738
0.179440
0.173340
0.019531
0.064697
0.231930
0.311280
0.284420
0.120850
0.051270
-0.020752
-0.135500
