-0.019531
-0.017090
0.042725
0.123290
0.339360
0.345460
0.157470
0.068359
0.140380
0.074463
-0.020752
-0.013428
0.047607
0.163570
0.134280
0.030518
0.058594
0.402830
0.833740
0.897220
0.389400
-0.102540
-0.191650
-0.139160
-0.085449
0.178220
0.430910
0.400390
0.473630
0.598140
0.607910
0.437010
0.109860
-0.026855
-0.069580
0.054932
0.102540
0.076904
0.194090
0.443120
0.721440
0.806880
0.455320
0.089111
0.113530
0.217290
0.112300
-0.056152
-0.216060
-0.255130
-0.410160
-0.555420
-0.419920
-0.186770
-0.114750
-0.164790
-0.157470
-0.203860
-0.329590
-0.466310
-0.410160
-0.319820
-0.174560
-0.209960
0.000000
-0.061035
-0.085449
-0.048828
-0.118410
-0.086670
0.031738
0.068359
0.250240
0.280760
-0.001221
-0.117190
-0.024414
-0.119630
-0.100100
-0.234380
-0.605470
-0.626220
-0.371090
-0.257570
-0.047607
0.115970
0.207520
-0.166020
-0.560300
-0.683590
-0.446780
-0.223390
0.065918
0.162350
0.157470
0.103760
0.024414
0.100100
-0.151370
-0.335690
-0.611570
-0.549320
-0.175780
0.070801
-0.047607
0.140380
0.356450
0.346680
0.358890
0.322270
0.249020
0.347900
0.311280
0.236820
0.239260
0.231930
-0.046387
-0.455320
-0.596920
-0.487060
-0.247800
0.058594
0.191650
0.252690
0.241700
0.062256
-0.063477
-0.212400
-0.343020
-0.408940
-0.424800
-0.390630
-0.183110
-0.313720
-0.452880
-0.448000
-0.499270
-0.384520
-0.220950
-0.092773
-0.118410
0.067139
0.047607
0.124510
0.078125
0.042725
0.057373
-0.008545
-0.021973
-0.134280
-0.212400
-0.357670
-0.484620
-0.615230
-0.705570
-0.710450
-0.593260
-0.345460
-0.167240
0.159910
-0.180660
-0.386960
-0.360110
-0.227050
0.107420
-0.013428
-0.010986
-0.030518
-0.146480
-0.003662
0.186770
0.126950
0.042725
-0.035400
0.051270
0.111080
0.102540
0.175780
0.231930
0.090332
-0.004883
0.014648
0.144040
0.054932
0.106200
0.162350
0.236820
0.257570
0.395510
0.367430
0.073242
-0.313720
-0.473630
-0.502930
-0.375980
-0.124510
0.039063
0.148930
0.307620
0.347900
0.212400
-0.014648
-0.012207
-0.059814
-0.119630
-0.219730
-0.218510
-0.295410
-0.349120
-0.205080
-0.063477
0.102540
0.013428
-0.159910
-0.029297
-0.063477
-0.103760
0.075684
0.102540
-0.064697
0.070801
-0.032959
-0.048828
0.052490
-0.063477
-0.225830
-0.230710
-0.144040
-0.290530
-0.347900
-0.213620
0.085449
0.335690
0.540770
0.511470
0.360110
-0.073242
-0.339360
-0.501710
-0.528560
-0.371090
-0.256350
-0.141600
-0.030518
0.231930
0.307620
0.241700
0.047607
-0.391850
-0.445560
-0.435790
-0.346680
-0.405270
-0.338130
-0.249020
-0.183110
0.018311
0.278320
0.146480
0.164790
0.032959
-0.030518
0.136720
0.174560
0.103760
-0.161130
-0.052490
0.123290
-0.032959
-0.205080
-0.333250
-0.272220
-0.109860
0.117190
0.112300
-0.041504
0.230710
0.411380
0.467530
0.407710
0.323490
0.035400
-0.073242
0.003662
0.068359
0.064697
0.065918
0.115970
0.303960
0.327150
0.352780
0.310060
-0.043945
-0.319820
-0.333250
-0.289310
-0.095215
-0.001221
0.120850
0.317380
0.388180
0.395510
0.244140
0.085449
0.031738
-0.145260
-0.250240
-0.206300
-0.218510
-0.021973
0.157470
0.303960
0.399170
0.396730
0.233150
-0.112300
-0.351560
-0.263670
-0.040283
-0.039063
-0.148930
-0.076904
-0.135500
0.093994
0.267330
0.632320
0.833740
0.705570
0.513920
0.494380
0.371090
0.291750
0.129390
-0.032959
-0.166020
-0.093994
0.109860
0.305180
0.494380
0.610350
0.494380
0.169680
-0.057373
-0.008545
-0.086670
-0.045166
-0.002441
-0.002441
0.020752
0.146480
0.281980
0.219730
0.134280
0.050049
-0.100100
-0.103760
0.023193
0.090332
0.062256
0.117190
0.100100
-0.047607
-0.195310
-0.115970
0.081787
0.354000
0.339360
0.340580
0.422360
0.355220
0.247800
0.242920
0.058594
-0.065918
0.092773
0.119630
0.201420
0.151370
0.268550
0.245360
0.217290
0.277100
0.207520
0.100100
0.096436
0.078125
0.053711
0.059814
0.115970
0.064697
0.169680
0.396730
0.300290
0.201420
0.206300
0.155030
0.148930
0.075684
-0.034180
-0.181880
-0.306400
-0.424800
-0.393070
-0.321040
-0.300290
-0.319820
-0.273440
-0.151370
-0.034180
0.036621
-0.043945
-0.101320
-0.086670
0.004883
0.079346
0.069580
-0.074463
-0.124510
0.012207
0.028076
0.091553
0.191650
0.078125
-0.096436
-0.101320
-0.129390
-0.109860
-0.189210
-0.334470
-0.344240
-0.253910
-0.178220
-0.145260
-0.158690
-0.159910
-0.104980
0.189210
0.297850
0.385740
0.550540
0.616460
0.260010
-0.150150
-0.380860
-0.366210
-0.312500
-0.264890
-0.264890
-0.125730
0.158690
0.356450
0.269780
0.219730
0.107420
-0.148930
-0.087891
-0.032959
0.002441
0.052490
-0.041504
-0.203860
-0.330810
-0.380860
-0.351560
-0.223390
-0.101320
-0.020752
0.214840
0.119630
0.172120
0.241700
0.262450
0.133060
-0.089111
-0.217290
-0.260010
-0.268550
-0.245360
-0.363770
-0.335690
-0.333250
-0.330810
-0.314940
-0.225830
-0.126950
-0.338130
-0.385740
-0.244140
-0.069580
-0.085449
-0.091553
-0.009766
0.015869
0.141600
0.187990
0.064697
0.080566
0.076904
-0.040283
-0.130620
