0.141600
0.073242
-0.122070
-0.200200
-0.186770
-0.101320
0.023193
-0.052490
-0.183110
-0.076904
0.073242
0.004883
-0.102540
-0.214840
-0.163570
0.219730
0.659180
0.784910
0.445560
0.139160
0.361330
0.327150
0.239260
0.047607
0.130620
0.271000
0.338130
0.281980
0.201420
0.161130
0.152590
0.102540
0.097656
-0.037842
0.009766
0.002441
0.117190
0.445560
0.642090
0.596920
0.456540
0.476070
0.351560
-0.035400
-0.112300
-0.170900
-0.163570
-0.202640
-0.257570
-0.181880
-0.039063
-0.061035
0.084229
0.231930
0.187990
0.025635
0.052490
0.056152
0.010986
-0.052490
-0.067139
-0.155030
-0.197750
-0.078125
-0.045166
0.126950
0.184330
0.185550
0.258790
0.440670
0.229490
-0.351560
-0.699460
-0.957030
-0.971680
-0.620120
-0.113530
0.107420
-0.205080
-0.329590
-0.343020
-0.296630
-0.212400
-0.219730
-0.360110
-0.552980
-0.678710
-0.499270
-0.115970
0.023193
-0.181880
-0.145260
-0.085449
-0.167240
-0.158690
0.101320
0.092773
-0.043945
-0.339360
-0.509030
-0.682370
-0.517580
-0.122070
0.103760
0.078125
0.131840
0.150150
0.122070
0.107420
-0.021973
0.087891
0.236820
0.327150
0.240480
0.128170
0.102540
0.202640
0.277100
0.261230
0.349120
0.297850
0.281980
0.198970
0.173340
0.211180
-0.101320
-0.433350
-0.408940
-0.275880
-0.312500
-0.206300
-0.189210
-0.029297
-0.043945
-0.095215
-0.212400
-0.515140
-0.499270
-0.292970
-0.422360
-0.622560
-0.693360
-0.659180
-0.565190
-0.379640
-0.339360
-0.234380
-0.089111
-0.031738
-0.430910
-0.601810
-0.435790
-0.209960
-0.264890
-0.352780
-0.213620
-0.029297
0.007324
-0.002441
0.156250
0.076904
-0.229490
-0.410160
-0.545650
-0.406490
-0.260010
-0.039063
0.163570
0.220950
0.073242
-0.283200
-0.368650
-0.600590
-0.465090
-0.251460
-0.037842
0.046387
0.063477
0.244140
0.290530
0.548100
-0.061035
-0.443120
-0.319820
-0.312500
-0.218510
-0.109860
0.093994
0.271000
0.538330
0.701900
0.627440
0.317380
0.178220
0.097656
-0.076904
-0.216060
-0.114750
0.081787
0.169680
0.363770
0.531010
0.378420
0.002441
-0.158690
0.036621
0.184330
0.173340
0.202640
0.312500
0.364990
0.196530
0.166020
0.167240
0.148930
0.144040
0.120850
-0.096436
-0.194090
0.023193
0.168460
0.438230
0.465090
0.242920
0.006104
-0.046387
-0.162350
-0.050049
-0.067139
0.037842
0.091553
-0.034180
-0.114750
-0.168460
0.035400
0.156250
0.035400
0.115970
0.102540
0.041504
-0.068359
0.004883
-0.068359
-0.145260
0.003662
-0.052490
-0.124510
-0.296630
-0.513920
-0.648190
-0.375980
-0.168460
0.053711
0.175780
0.081787
0.047607
0.009766
-0.113530
-0.107420
-0.115970
-0.299070
-0.500490
-0.554200
-0.386960
-0.107420
-0.073242
-0.015869
0.145260
0.139160
0.196530
0.101320
-0.190430
-0.465090
-0.522460
-0.313720
-0.187990
-0.079346
0.020752
0.074463
0.268550
0.318600
0.498050
0.473630
0.102540
-0.134280
-0.142820
0.046387
0.183110
0.257570
0.158690
0.202640
0.200200
0.277100
0.117190
0.037842
-0.069580
-0.162350
-0.092773
-0.052490
0.023193
0.231930
0.421140
0.457760
0.400390
0.257570
0.119630
0.170900
0.167240
0.201420
0.053711
0.080566
0.086670
0.021973
0.074463
0.209960
0.271000
0.488280
0.583500
0.640870
0.561520
0.408940
0.164790
0.191650
0.267330
0.319820
0.205080
0.249020
0.390630
0.502930
0.672610
0.812990
0.715330
0.374760
0.242920
0.247800
0.394290
0.378420
0.417480
0.328370
0.324710
0.444340
0.253910
-0.013428
-0.111080
-0.371090
-0.482180
-0.157470
0.161130
0.314940
0.419920
0.516360
0.377200
0.469970
0.510250
0.404050
0.366210
0.339360
0.179440
0.091553
0.130620
0.201420
0.115970
-0.048828
-0.090332
0.108640
0.341800
0.477290
0.483400
0.345460
0.357670
0.482180
0.494380
0.228270
0.146480
0.073242
-0.093994
-0.034180
-0.061035
-0.031738
0.096436
0.020752
-0.057373
0.046387
0.072021
0.217290
0.454100
0.482180
0.428470
0.325930
0.277100
0.245360
0.057373
-0.114750
-0.313720
-0.382080
-0.428470
-0.345460
-0.296630
-0.231930
-0.220950
-0.253910
-0.325930
-0.371090
-0.362550
-0.405270
-0.454100
-0.437010
-0.439450
-0.512700
-0.529790
-0.506590
-0.372310
-0.207520
-0.194090
-0.136720
-0.155030
-0.155030
0.050049
0.256350
0.177000
0.026855
-0.109860
-0.161130
-0.123290
-0.025635
0.117190
0.257570
0.418700
0.354000
0.144040
-0.261230
-0.378420
-0.361330
-0.379640
-0.260010
-0.083008
-0.163570
-0.081787
0.063477
0.087891
0.076904
0.098877
0.208740
0.242920
-0.012207
0.019531
-0.083008
-0.267330
-0.362550
-0.336910
-0.239260
-0.279540
-0.197750
-0.216060
-0.280760
-0.434570
-0.417480
-0.427250
-0.458980
-0.437010
-0.430910
-0.424800
-0.286870
-0.018311
0.151370
0.203860
-0.178220
-0.546880
-0.788570
-0.665280
-0.479740
-0.277100
-0.374760
-0.361330
-0.310060
-0.415040
-0.427250
-0.395510
-0.336910
-0.377200
-0.312500
-0.347900
-0.362550
-0.466310
-0.371090
-0.241700
-0.227050
-0.133060
-0.053711
-0.134280
-0.203860
-0.214840
-0.245360
-0.397950
-0.441890
-0.489500
-0.625000
-0.546880
-0.349120
-0.180660
