-0.031738
0.063477
0.162350
0.217290
0.063477
-0.018311
-0.061035
-0.079346
-0.093994
-0.059814
-0.039063
0.063477
0.113530
0.155030
0.141600
0.318600
0.598140
0.924070
0.866700
0.167240
-0.120850
-0.092773
0.052490
0.163570
0.213620
0.189210
0.350340
0.413820
0.476070
0.537110
0.437010
0.411380
0.187990
0.152590
0.274660
0.112300
0.074463
0.332030
0.493160
0.528560
0.535890
0.405270
0.297850
0.347900
0.192870
0.019531
-0.079346
-0.117190
-0.153810
-0.090332
-0.152590
-0.294190
-0.238040
-0.135500
0.021973
0.040283
-0.093994
-0.172120
-0.227050
-0.281980
-0.242920
-0.308840
-0.328370
-0.220950
-0.192870
-0.228270
-0.321040
-0.345460
-0.302730
-0.262450
-0.220950
-0.117190
-0.177000
-0.299070
-0.263670
-0.231930
-0.128170
0.045166
0.253910
0.324710
-0.045166
-0.258790
-0.195310
0.008545
-0.015869
-0.124510
-0.260010
-0.338130
-0.407710
-0.529790
-0.546880
-0.272220
-0.089111
-0.185550
-0.146480
-0.100100
-0.184330
-0.036621
0.035400
0.124510
0.059814
-0.034180
-0.230710
-0.358890
-0.139160
0.079346
0.364990
0.511470
0.618900
0.466310
0.242920
0.144040
0.131840
0.261230
0.174560
0.089111
-0.003662
-0.029297
0.032959
0.039063
0.109860
0.426030
0.593260
0.485840
0.460210
0.441890
0.437010
0.535890
0.351560
0.040283
-0.113530
-0.166020
-0.168460
-0.064697
0.139160
0.378420
0.474850
0.456540
0.728760
0.950930
0.572510
0.041504
-0.112300
0.157470
0.349120
0.302730
0.246580
0.085449
0.092773
-0.031738
-0.494380
-0.358890
-0.019531
0.070801
0.024414
0.045166
0.024414
0.003662
0.052490
0.069580
0.113530
0.097656
-0.010986
-0.047607
0.090332
0.225830
0.391850
0.523680
0.180660
-0.435790
-0.700680
-0.622560
-0.499270
-0.197750
0.122070
0.316160
0.364990
0.485840
0.388180
0.146480
-0.059814
-0.306400
-0.421140
-0.426030
-0.388180
-0.300290
-0.285640
-0.081787
0.163570
0.085449
-0.120850
-0.048828
-0.067139
-0.092773
-0.091553
0.001221
-0.014648
0.117190
0.175780
-0.002441
-0.032959
-0.031738
-0.167240
-0.324710
-0.374760
-0.445560
-0.498050
-0.527340
-0.644530
-0.654300
-0.571290
-0.386960
-0.155030
0.085449
0.177000
0.153810
0.113530
0.128170
0.124510
-0.047607
-0.220950
-0.386960
-0.224610
-0.067139
0.191650
0.350340
0.269780
0.115970
-0.125730
-0.189210
-0.019531
0.179440
0.118410
0.069580
0.150150
0.058594
0.090332
0.214840
0.035400
-0.307620
-0.574950
-0.457760
-0.235600
-0.026855
0.012207
0.091553
0.184330
0.021973
-0.056152
-0.002441
-0.026855
0.089111
0.136720
0.190430
0.275880
0.098877
-0.068359
-0.001221
0.258790
0.328370
0.169680
0.106200
0.120850
-0.117190
-0.223390
-0.057373
0.035400
-0.190430
-0.290530
-0.283200
-0.272220
-0.119630
-0.164790
-0.240480
-0.134280
-0.069580
-0.046387
-0.025635
-0.179440
-0.158690
-0.209960
-0.113530
0.222170
0.241700
0.041504
-0.146480
-0.286870
-0.279540
-0.228270
-0.166020
-0.170900
-0.247800
-0.159910
0.201420
0.487060
0.609130
0.292970
0.023193
-0.142820
-0.161130
-0.133060
-0.014648
0.080566
0.064697
0.123290
0.312500
0.429690
0.395510
0.190430
-0.123290
-0.240480
-0.235600
-0.207520
-0.021973
0.109860
0.156250
0.056152
0.056152
0.035400
0.097656
-0.023193
-0.251460
-0.483400
-0.461430
-0.241700
-0.068359
0.023193
0.106200
0.189210
0.205080
0.374760
0.351560
0.189210
-0.064697
-0.465090
-0.587160
-0.450440
-0.280760
-0.057373
0.125730
0.235600
0.397950
0.396730
0.367430
0.089111
-0.194090
-0.084229
0.051270
0.191650
0.131840
-0.041504
0.050049
0.244140
0.394290
0.377200
0.281980
0.137940
0.128170
0.225830
0.130620
0.019531
0.030518
0.122070
0.278320
0.301510
0.397950
0.533450
0.483400
0.435790
0.449220
0.524900
0.484620
0.388180
0.250240
0.059814
0.003662
0.134280
0.360110
0.307620
0.131840
0.205080
0.251460
0.333250
0.242920
0.164790
-0.067139
-0.076904
-0.139160
-0.162350
-0.161130
-0.020752
0.195310
0.346680
0.361330
0.300290
0.256350
0.047607
-0.136720
-0.170900
0.046387
0.147710
0.191650
0.189210
0.172120
0.028076
-0.067139
-0.175780
-0.244140
-0.372310
-0.450440
-0.373540
-0.187990
0.003662
0.120850
0.286870
0.316160
0.385740
0.489500
0.361330
0.170900
0.104980
0.083008
-0.107420
-0.217290
-0.075684
-0.025635
-0.034180
0.073242
0.196530
0.264890
0.310060
0.318600
0.207520
0.092773
-0.074463
-0.142820
-0.098877
-0.250240
-0.280760
-0.279540
-0.267330
-0.090332
-0.009766
0.086670
0.001221
-0.096436
-0.240480
-0.416260
-0.256350
-0.233150
-0.368650
-0.408940
-0.354000
-0.195310
-0.037842
-0.084229
-0.223390
-0.181880
0.014648
0.120850
-0.006104
-0.006104
0.013428
0.051270
0.146480
0.229490
0.289310
0.462650
0.385740
0.169680
0.155030
0.030518
-0.197750
-0.263670
-0.256350
-0.426030
-0.278320
-0.047607
0.131840
0.301510
0.343020
0.156250
0.026855
-0.134280
-0.227050
-0.506590
-0.566410
-0.572510
-0.568850
-0.599370
-0.572510
-0.578610
-0.448000
-0.280760
-0.291750
-0.269780
-0.142820
-0.297850
-0.380860
-0.390630
