-0.034180
-0.140380
-0.153810
-0.161130
-0.194090
-0.018311
0.213620
0.219730
0.220950
0.191650
0.172120
0.085449
0.076904
0.064697
0.061035
-0.084229
-0.130620
0.076904
0.559080
0.661620
0.643310
0.417480
0.357670
0.158690
0.015869
-0.151370
-0.051270
0.039063
-0.233150
-0.133060
0.092773
0.133060
0.136720
-0.102540
-0.118410
-0.112300
-0.098877
-0.163570
-0.260010
-0.129390
0.013428
-0.008545
-0.028076
-0.126950
-0.045166
0.179440
0.130620
0.009766
-0.136720
-0.267330
-0.324710
-0.426030
-0.596920
-0.764160
-0.727540
-0.546880
-0.386960
-0.369870
-0.393070
-0.343020
-0.405270
-0.548100
-0.688480
-0.717770
-0.678710
-0.666500
-0.737300
-0.767820
-0.754390
-0.891110
-0.952150
-0.939940
-0.894780
-0.958250
-1.005900
-1.022900
-1.095000
-1.179200
-1.132800
-1.102300
-1.073000
-0.991210
-0.939940
-0.925290
-0.842290
-0.802000
-0.742190
-0.614010
-0.416260
-0.230710
0.076904
0.239260
0.390630
0.651860
0.863040
0.979000
1.202400
1.358600
1.611300
1.745600
1.751700
1.723600
1.613800
1.392800
1.239000
1.208500
1.024200
0.803220
0.565190
0.448000
0.550540
0.777590
0.690920
0.758060
1.098600
1.325700
1.293900
1.278100
1.090100
1.002200
0.983890
0.964360
0.952150
0.837400
0.589600
0.512700
0.532230
0.449220
0.518800
0.297850
0.185550
0.173340
0.168460
0.159910
0.125730
0.032959
-0.090332
-0.271000
-0.460210
-0.495610
-0.473630
-0.272220
-0.312500
-0.405270
-0.592040
-0.726320
-0.751950
-0.622560
-0.458980
-0.356450
-0.371090
-0.469970
-0.299070
-0.213620
-0.266110
-0.233150
-0.117190
-0.069580
0.037842
0.112300
0.098877
0.218510
0.224610
0.107420
0.142820
0.031738
0.095215
0.004883
-0.197750
-0.308840
-0.255130
-0.236820
-0.364990
-0.297850
-0.076904
0.098877
-0.010986
-0.083008
0.095215
0.191650
0.238040
0.251460
0.084229
-0.028076
-0.104980
-0.052490
0.042725
0.157470
0.118410
0.168460
0.100100
0.037842
0.076904
0.059814
0.068359
-0.034180
-0.100100
-0.063477
0.002441
-0.014648
-0.007324
0.017090
-0.187990
-0.269780
-0.314940
-0.432130
-0.439450
-0.440670
-0.538330
-0.440670
-0.258790
-0.186770
-0.146480
-0.117190
-0.073242
-0.119630
-0.052490
0.092773
-0.021973
-0.343020
-0.565190
-0.695800
-0.722660
-0.664060
-0.618900
-0.667720
-0.557860
-0.419920
-0.394290
-0.401610
-0.482180
-0.487060
-0.404050
-0.316160
-0.277100
-0.194090
0.087891
0.324710
0.406490
0.355220
0.178220
0.089111
0.104980
0.163570
0.114750
-0.009766
-0.013428
0.032959
0.026855
0.020752
0.086670
0.174560
0.146480
0.152590
0.131840
0.107420
0.081787
0.140380
-0.014648
-0.074463
-0.072021
-0.061035
-0.084229
-0.172120
-0.131840
-0.180660
-0.301510
-0.285640
-0.220950
-0.103760
-0.032959
-0.109860
-0.158690
-0.120850
-0.059814
-0.003662
-0.023193
-0.063477
0.155030
0.411380
0.319820
0.217290
0.241700
0.245360
0.421140
0.604250
0.847170
0.339360
0.067139
0.107420
0.422360
0.393070
-0.061035
-0.290530
-0.260010
-0.122070
0.051270
0.374760
0.330810
0.386960
0.491940
0.543210
0.340580
0.261230
0.319820
0.446780
0.458980
0.144040
-0.124510
-0.120850
-0.039063
0.047607
-0.063477
-0.111080
0.068359
0.111080
-0.020752
-0.183110
-0.242920
-0.231930
-0.255130
-0.352780
-0.614010
-0.683590
-0.554200
-0.484620
-0.476070
-0.482180
-0.661620
-0.689700
-0.677490
-0.576170
-0.432130
-0.344240
-0.374760
-0.347900
-0.325930
-0.249020
-0.255130
-0.081787
0.125730
0.180660
0.152590
0.170900
0.275880
0.318600
0.252690
0.217290
0.115970
0.048828
0.168460
0.124510
0.129390
-0.059814
-0.008545
-0.072021
-0.029297
0.194090
0.360110
0.310060
0.517580
0.628660
0.532230
0.548100
0.754390
0.742190
0.548100
0.318600
0.235600
0.295410
0.091553
-0.144040
-0.189210
-0.181880
-0.225830
-0.339360
-0.354000
-0.233150
-0.157470
-0.211180
-0.217290
-0.173340
-0.144040
-0.081787
-0.065918
-0.106200
-0.024414
0.106200
0.238040
0.093994
-0.031738
-0.150150
-0.246580
-0.321040
-0.317380
-0.491940
-0.706790
-0.772710
-0.660400
-0.561520
-0.505370
-0.452880
-0.445560
-0.454100
-0.511470
-0.645750
-0.527340
-0.347900
-0.216060
-0.225830
-0.177000
-0.156250
-0.119630
-0.101320
-0.148930
-0.177000
-0.090332
-0.118410
0.040283
0.181880
0.275880
0.361330
0.301510
0.329590
0.307620
0.314940
0.366210
0.454100
0.518800
0.413820
0.384520
0.372310
0.469970
0.588380
0.521240
0.498050
0.330810
0.167240
0.093994
0.129390
0.166020
0.151370
0.235600
0.162350
0.043945
0.002441
0.045166
0.104980
0.205080
0.173340
-0.028076
-0.173340
-0.177000
-0.120850
-0.092773
-0.080566
0.012207
0.074463
0.124510
0.191650
0.251460
0.295410
0.413820
0.579830
0.520020
0.253910
-0.061035
-0.024414
-0.092773
-0.015869
0.054932
0.191650
0.336910
0.366210
0.366210
0.290530
0.302730
0.181880
-0.026855
-0.040283
-0.092773
-0.056152
-0.072021
0.159910
0.281980
0.256350
0.191650
0.257570
0.222170
0.234380
0.187990
0.098877
0.212400
0.112300
-0.117190
-0.089111
-0.167240
-0.628660
-0.756840
-0.743410
