-0.277100
-0.114750
-0.019531
-0.007324
0.085449
0.034180
-0.013428
0.028076
-0.028076
-0.010986
-0.036621
-0.131840
-0.155030
-0.185550
-0.065918
-0.174560
-0.059814
0.246580
0.242920
-0.124510
-0.371090
-0.319820
-0.030518
-0.047607
0.118410
0.124510
0.417480
0.457760
0.623780
0.704350
0.649410
0.390630
0.076904
0.087891
-0.013428
0.012207
0.032959
-0.133060
-0.179440
-0.155030
-0.123290
-0.272220
-0.156250
-0.098877
0.112300
0.162350
-0.075684
-0.180660
-0.150150
-0.200200
-0.258790
-0.119630
-0.208740
-0.173340
-0.053711
-0.119630
-0.028076
0.001221
-0.014648
-0.059814
-0.246580
-0.443120
-0.499270
-0.505370
-0.565190
-0.627440
-0.617680
-0.537110
-0.587160
-0.646970
-0.683590
-0.748290
-0.798340
-0.880130
-0.981450
-1.019300
-1.103500
-1.178000
-1.095000
-0.910640
-0.889890
-0.718990
-0.616460
-0.421140
-0.050049
0.279540
0.638430
0.762940
0.957030
0.897220
0.697020
0.443120
0.235600
0.100100
0.289310
0.402830
0.433350
0.251460
0.167240
0.148930
-0.003662
-0.159910
-0.206300
-0.263670
-0.095215
0.174560
0.174560
0.356450
0.513920
0.506590
0.627440
0.595700
0.504150
0.462650
0.346680
0.229490
0.058594
0.135500
0.310060
0.291750
0.225830
0.340580
0.396730
0.477290
0.462650
0.402830
0.321040
0.164790
0.004883
-0.192870
-0.324710
-0.388180
-0.325930
-0.244140
-0.062256
-0.086670
-0.406490
-0.311280
-0.223390
0.019531
0.231930
0.361330
0.404050
0.268550
0.189210
0.128170
0.068359
0.115970
0.236820
0.134280
-0.072021
-0.174560
-0.205080
-0.020752
0.068359
-0.070801
-0.201420
-0.288090
-0.268550
-0.173340
-0.064697
0.023193
-0.041504
0.039063
0.191650
0.004883
-0.234380
-0.329590
-0.516360
-0.581050
-0.419920
-0.318600
-0.400390
-0.067139
0.179440
0.185550
0.178220
0.321040
0.218510
0.056152
0.039063
0.239260
0.056152
-0.191650
-0.168460
-0.296630
-0.249020
-0.263670
-0.302730
-0.241700
-0.032959
0.135500
0.034180
0.003662
-0.192870
-0.229490
-0.133060
0.026855
0.234380
0.286870
0.388180
0.416260
0.322270
0.131840
-0.141600
-0.292970
-0.424800
-0.253910
-0.229490
-0.146480
-0.063477
0.164790
0.203860
0.008545
-0.006104
-0.207520
-0.456540
-0.355220
-0.257570
-0.104980
0.008545
0.014648
0.148930
0.301510
0.008545
-0.195310
-0.167240
0.019531
0.303960
0.224610
0.161130
0.231930
0.070801
-0.067139
-0.123290
-0.047607
0.118410
0.041504
0.036621
0.025635
0.227050
0.433350
0.434570
0.238040
0.231930
0.065918
0.104980
-0.017090
0.070801
0.048828
0.062256
0.181880
-0.051270
-0.136720
-0.079346
-0.043945
-0.010986
0.061035
0.113530
0.073242
-0.068359
-0.155030
-0.014648
-0.061035
-0.053711
-0.095215
-0.006104
-0.058594
-0.020752
0.089111
0.114750
0.128170
-0.041504
-0.102540
-0.034180
0.037842
0.090332
0.144040
0.181880
0.185550
0.144040
0.024414
-0.113530
-0.061035
-0.102540
-0.087891
-0.017090
-0.010986
-0.111080
-0.227050
-0.162350
-0.252690
-0.100100
0.037842
0.019531
-0.030518
0.064697
0.172120
0.502930
0.589600
0.405270
0.301510
0.153810
0.235600
0.352780
0.297850
0.303960
0.223390
0.277100
0.109860
0.008545
0.015869
-0.059814
-0.135500
-0.040283
0.050049
0.081787
0.435790
0.404050
0.244140
0.235600
0.164790
0.244140
0.378420
0.369870
0.299070
0.291750
0.268550
0.175780
0.194090
0.064697
0.010986
0.035400
-0.012207
-0.106200
-0.104980
-0.305180
-0.444340
-0.511470
-0.383300
-0.291750
-0.211180
-0.196530
-0.144040
0.053711
0.222170
0.302730
0.229490
0.114750
-0.036621
0.098877
0.185550
0.185550
0.205080
0.078125
0.058594
0.113530
0.040283
-0.031738
-0.142820
-0.108640
-0.185550
-0.081787
0.124510
0.228270
0.386960
0.139160
-0.085449
-0.108640
-0.059814
-0.035400
0.051270
0.068359
0.079346
0.080566
0.206300
0.291750
0.124510
-0.040283
-0.102540
0.041504
0.103760
-0.124510
-0.163570
-0.021973
0.146480
0.402830
0.434570
0.177000
0.004883
0.101320
0.111080
0.156250
0.202640
0.190430
0.281980
0.336910
0.040283
-0.187990
-0.084229
-0.134280
-0.075684
-0.311280
-0.528560
-0.488280
-0.435790
-0.169680
0.074463
-0.061035
-0.036621
0.013428
-0.032959
-0.025635
-0.139160
-0.142820
-0.131840
-0.097656
-0.179440
-0.311280
-0.269780
-0.113530
0.151370
0.284420
0.065918
-0.081787
-0.120850
-0.095215
-0.080566
-0.007324
-0.067139
-0.118410
0.010986
0.089111
0.101320
0.183110
0.062256
-0.122070
-0.286870
-0.261230
-0.109860
-0.040283
0.047607
0.122070
0.181880
0.312500
0.184330
0.130620
0.048828
-0.109860
-0.236820
-0.334470
-0.280760
-0.218510
-0.214840
-0.183110
-0.253910
-0.207520
-0.117190
0.045166
0.305180
0.140380
0.046387
0.131840
-0.012207
-0.037842
-0.051270
-0.029297
-0.092773
-0.203860
-0.085449
-0.015869
-0.058594
-0.080566
-0.007324
-0.085449
-0.042725
0.028076
-0.080566
-0.074463
-0.068359
-0.021973
-0.194090
-0.054932
0.081787
0.198970
0.150150
0.014648
0.015869
0.052490
0.063477
0.004883
-0.002441
0.074463
0.155030
0.036621
-0.008545
0.024414
0.096436
0.246580
0.281980
