0.272220
0.364990
0.283200
0.152590
-0.034180
-0.065918
0.002441
-0.102540
-0.323490
-0.279540
-0.217290
-0.190430
-0.141600
0.009766
0.247800
0.224610
0.150150
0.224610
0.538330
0.684810
0.428470
-0.003662
-0.177000
-0.047607
0.128170
0.192870
0.277100
0.441890
0.499270
0.372310
0.570070
0.516360
0.374760
0.145260
0.128170
0.047607
-0.041504
-0.192870
-0.187990
0.068359
0.205080
0.264890
0.271000
0.202640
0.302730
0.566410
0.399170
0.258790
0.101320
-0.095215
-0.026855
0.009766
-0.093994
-0.086670
-0.101320
-0.117190
-0.054932
-0.041504
0.010986
-0.122070
-0.374760
-0.382080
-0.343020
-0.284420
-0.214840
-0.148930
-0.135500
-0.020752
0.070801
0.324710
0.213620
0.328370
0.389400
0.222170
0.073242
-0.178220
-0.225830
-0.131840
0.061035
-0.052490
-0.328370
-0.548100
-0.511470
-0.405270
-0.173340
-0.159910
-0.101320
-0.162350
-0.129390
0.048828
0.039063
-0.180660
-0.341800
-0.378420
-0.328370
-0.299070
-0.084229
0.096436
0.284420
0.246580
0.295410
0.153810
0.083008
0.128170
0.240480
0.296630
0.473630
0.592040
0.605470
0.513920
0.411380
0.321040
0.239260
0.292970
0.163570
0.095215
0.184330
0.262450
0.291750
0.244140
0.258790
0.178220
0.007324
0.042725
0.074463
0.084229
0.159910
0.306400
0.206300
0.161130
0.227050
0.230710
0.074463
-0.029297
-0.058594
-0.002441
0.014648
0.036621
0.035400
-0.200200
-0.346680
-0.015869
0.344240
0.551760
0.560300
0.601810
0.444340
0.449220
0.421140
0.349120
0.242920
0.212400
0.218510
0.142820
0.032959
-0.019531
0.058594
0.079346
-0.032959
-0.264890
-0.338130
-0.144040
-0.030518
0.070801
0.104980
0.156250
0.065918
0.010986
-0.058594
-0.284420
-0.279540
-0.162350
-0.057373
0.090332
0.097656
-0.145260
-0.169680
-0.187990
-0.125730
-0.236820
-0.274660
-0.085449
-0.013428
-0.172120
-0.101320
0.070801
-0.112300
-0.191650
-0.245360
-0.190430
-0.209960
-0.207520
-0.159910
0.100100
0.142820
0.004883
-0.043945
0.104980
0.191650
0.018311
-0.107420
-0.108640
-0.201420
-0.208740
-0.081787
-0.004883
0.048828
0.068359
0.141600
0.212400
0.267330
0.211180
0.101320
-0.181880
-0.321040
-0.388180
-0.218510
-0.019531
0.014648
0.239260
0.256350
0.135500
0.007324
0.023193
0.101320
0.144040
0.028076
-0.092773
-0.089111
-0.025635
0.134280
0.128170
-0.032959
-0.172120
-0.440670
-0.346680
-0.203860
-0.123290
0.054932
0.257570
0.235600
0.092773
0.310060
0.299070
0.159910
0.112300
0.115970
0.041504
0.012207
-0.025635
-0.015869
-0.019531
0.065918
-0.155030
-0.080566
-0.048828
0.023193
0.090332
0.058594
0.039063
0.052490
0.064697
0.064697
0.114750
0.109860
0.086670
0.129390
0.053711
-0.096436
-0.128170
-0.122070
-0.068359
-0.017090
-0.072021
-0.092773
-0.148930
-0.151370
-0.010986
0.056152
-0.025635
-0.064697
-0.183110
-0.058594
0.096436
0.256350
0.402830
0.275880
0.250240
0.284420
0.034180
-0.274660
-0.360110
-0.310060
-0.261230
-0.229490
-0.026855
0.046387
-0.004883
0.040283
0.051270
0.006104
0.012207
-0.161130
-0.284420
-0.349120
-0.238040
-0.085449
0.074463
0.206300
0.247800
0.347900
0.159910
0.069580
0.063477
0.004883
0.032959
0.047607
0.130620
0.225830
0.335690
0.588380
0.770260
0.576170
0.090332
0.040283
0.095215
-0.017090
-0.075684
-0.012207
-0.028076
0.063477
0.203860
0.308840
0.375980
0.439450
0.234380
0.075684
0.050049
0.087891
0.246580
0.394290
0.225830
0.104980
0.111080
0.096436
0.191650
0.217290
0.185550
0.129390
-0.067139
-0.118410
-0.246580
-0.429690
-0.350340
-0.263670
-0.131840
-0.035400
0.080566
0.251460
0.378420
0.401610
0.347900
0.335690
0.100100
0.021973
-0.114750
-0.272220
-0.352780
-0.363770
-0.407710
-0.373540
-0.322270
-0.239260
-0.260010
-0.213620
-0.146480
-0.178220
-0.227050
-0.234380
-0.212400
0.010986
0.288090
0.219730
0.139160
0.184330
0.115970
-0.230710
-0.440670
-0.205080
-0.070801
-0.106200
-0.095215
-0.109860
-0.032959
0.123290
0.247800
0.164790
0.061035
-0.025635
-0.098877
-0.144040
-0.169680
-0.039063
-0.021973
-0.036621
-0.128170
-0.179440
-0.186770
-0.057373
0.238040
0.408940
0.261230
0.101320
0.061035
0.134280
0.089111
-0.003662
-0.039063
-0.059814
0.065918
0.029297
-0.108640
0.098877
0.146480
0.074463
0.115970
0.098877
-0.341800
-0.512700
-0.560300
-0.426030
-0.285640
-0.196530
-0.158690
0.030518
0.039063
0.093994
0.328370
0.288090
0.146480
0.080566
0.107420
0.086670
-0.128170
-0.246580
-0.217290
-0.096436
0.020752
-0.021973
-0.076904
-0.133060
-0.185550
-0.153810
-0.170900
-0.175780
-0.251460
-0.335690
-0.354000
-0.316160
-0.241700
-0.263670
-0.214840
-0.087891
-0.037842
-0.163570
-0.137940
-0.175780
-0.163570
-0.012207
0.040283
0.039063
-0.021973
0.021973
0.035400
-0.034180
-0.048828
-0.046387
0.056152
0.156250
0.081787
0.135500
0.072021
-0.057373
-0.111080
-0.100100
-0.112300
-0.129390
-0.087891
0.068359
0.212400
0.161130
0.268550
0.344240
0.240480
0.340580
0.168460
-0.057373
-0.142820
-0.126950
-0.122070
