0.073242
-0.039063
0.104980
0.183110
0.218510
0.152590
0.246580
0.284420
0.344240
0.461430
0.324710
-0.123290
-0.346680
-0.263670
-0.168460
-0.057373
0.385740
0.693360
0.498050
-0.321040
-0.429690
-0.297850
-0.219730
-0.102540
0.173340
0.111080
0.375980
0.792240
1.001000
1.029100
0.750730
0.434570
0.161130
0.024414
-0.080566
-0.244140
-0.195310
-0.185550
-0.107420
-0.153810
-0.037842
0.084229
-0.026855
0.020752
0.280760
0.147710
-0.035400
-0.069580
-0.313720
-0.452880
-0.517580
-0.578610
-0.379640
-0.118410
-0.181880
-0.313720
-0.252690
-0.109860
-0.008545
-0.061035
-0.137940
-0.271000
-0.340580
-0.498050
-0.482180
-0.585940
-0.692140
-0.815430
-0.839840
-0.811770
-0.965580
-1.096200
-1.075400
-1.234100
-1.258500
-1.296400
-1.309800
-1.355000
-1.372100
-1.385500
-1.411100
-1.375700
-1.329300
-1.251200
-1.212200
-1.192600
-1.132800
-1.019300
-0.976560
-0.888670
-0.831300
-0.783690
-0.728760
-0.682370
-0.544430
-0.535890
-0.444340
-0.327150
-0.245360
-0.131840
-0.010986
0.057373
0.224610
0.484620
0.733640
0.908200
1.212200
1.501500
1.759000
1.956800
2.188700
2.293700
2.336400
2.327900
1.793200
1.738300
1.870100
1.862800
1.969000
1.763900
1.755400
1.867700
1.868900
1.825000
1.825000
1.954300
1.967800
1.884800
1.723600
1.613800
1.594200
1.275600
1.114500
0.924070
0.562740
0.343020
0.378420
0.541990
0.711670
0.795900
0.582280
0.352780
0.356450
0.288090
0.046387
-0.133060
-0.297850
-0.374760
-0.479740
-0.511470
-0.573730
-0.572510
-0.623780
-0.593260
-0.469970
-0.488280
-0.545650
-0.574950
-0.419920
-0.352780
-0.412600
-0.397950
-0.477290
-0.563960
-0.529790
-0.504150
-0.364990
-0.383300
-0.294190
-0.198970
-0.117190
-0.257570
-0.267330
-0.208740
-0.137940
-0.101320
0.010986
0.100100
0.119630
0.236820
0.275880
0.222170
0.195310
0.275880
0.141600
-0.031738
0.029297
0.064697
0.122070
0.218510
0.249020
0.297850
0.373540
0.389400
0.156250
-0.183110
-0.498050
-0.410160
-0.220950
-0.136720
-0.122070
-0.133060
-0.147710
-0.131840
-0.195310
-0.244140
-0.305180
-0.364990
-0.405270
-0.347900
-0.148930
-0.062256
0.058594
0.063477
-0.050049
-0.189210
-0.380860
-0.527340
-0.401610
-0.329590
-0.289310
-0.211180
0.061035
-0.092773
-0.440670
-0.690920
-0.629880
-0.388180
-0.318600
-0.354000
-0.279540
-0.183110
-0.161130
-0.549320
-0.714110
-0.687260
-0.646970
-0.617680
-0.529790
-0.383300
-0.296630
-0.158690
-0.009766
-0.046387
-0.198970
-0.299070
-0.416260
-0.424800
-0.366210
-0.422360
-0.455320
-0.507810
-0.506590
-0.573730
-0.649410
-0.676270
-0.480960
-0.343020
-0.168460
-0.090332
-0.040283
-0.062256
-0.031738
0.025635
0.018311
-0.108640
-0.404050
-0.440670
-0.343020
-0.256350
-0.133060
-0.096436
0.091553
0.218510
0.340580
0.444340
0.362550
0.308840
0.267330
0.118410
0.039063
0.002441
-0.084229
-0.020752
0.118410
0.112300
0.133060
0.190430
0.299070
0.328370
0.203860
0.312500
0.244140
0.130620
0.203860
0.263670
0.209960
0.299070
0.422360
0.345460
0.159910
-0.029297
-0.018311
0.052490
0.086670
0.178220
0.173340
0.257570
0.457760
0.437010
0.120850
-0.041504
-0.037842
-0.145260
-0.101320
-0.039063
0.032959
0.266110
0.216060
0.129390
-0.015869
-0.212400
-0.234380
-0.249020
-0.244140
-0.169680
-0.078125
-0.012207
0.093994
0.290530
0.363770
0.417480
0.322270
0.192870
0.144040
0.187990
0.126950
0.048828
-0.131840
-0.257570
-0.162350
-0.230710
-0.131840
-0.057373
0.113530
0.317380
0.246580
0.167240
0.203860
0.231930
0.279540
0.256350
0.173340
0.172120
0.173340
0.152590
0.134280
0.098877
0.148930
0.205080
0.415040
0.333250
0.175780
0.074463
0.052490
-0.018311
0.006104
0.025635
0.051270
-0.001221
-0.080566
-0.103760
-0.091553
-0.028076
0.122070
0.156250
0.107420
0.126950
0.162350
0.104980
0.012207
-0.084229
-0.256350
-0.418700
-0.465090
-0.467530
-0.545650
-0.504150
-0.496830
-0.540770
-0.599370
-0.561520
-0.578610
-0.592040
-0.565190
-0.596920
-0.642090
-0.632320
-0.657960
-0.626220
-0.639650
-0.681150
-0.677490
-0.653080
-0.639650
-0.627440
-0.538330
-0.515140
-0.524900
-0.491940
-0.444340
-0.347900
-0.357670
-0.393070
-0.363770
-0.327150
-0.314940
-0.146480
-0.163570
-0.085449
0.067139
0.202640
0.390630
0.546880
0.618900
0.712890
0.909420
0.916750
0.946040
1.042500
1.125500
1.245100
1.228000
1.383100
1.405000
1.262200
1.088900
0.968020
0.650630
0.518800
0.369870
0.435790
0.568850
0.668950
0.653080
0.585940
0.518800
0.419920
0.328370
0.250240
0.014648
-0.134280
-0.163570
-0.180660
-0.251460
-0.251460
-0.198970
-0.334470
-0.371090
-0.430910
-0.349120
-0.205080
-0.217290
-0.163570
-0.112300
-0.263670
-0.407710
-0.545650
-0.616460
-0.678710
-0.646970
-0.587160
-0.622560
-0.444340
-0.345460
-0.301510
-0.190430
0.023193
0.062256
0.091553
0.069580
-0.087891
-0.130620
-0.063477
-0.030518
-0.174560
-0.120850
-0.029297
0.172120
0.446780
0.529790
0.487060
0.473630
0.457760
0.389400
0.603030
0.594480
0.577390
0.366210
0.477290
