0.318600
0.261230
0.325930
0.422360
0.469970
0.332030
0.279540
-0.001221
-0.178220
-0.203860
-0.125730
-0.228270
-0.313720
-0.274660
-0.152590
-0.092773
-0.030518
0.103760
0.332030
0.678710
0.799560
0.493160
0.156250
0.008545
0.183110
0.264890
0.141600
0.157470
0.335690
0.273440
0.267330
0.344240
0.389400
0.319820
0.097656
-0.042725
-0.169680
-0.345460
-0.333250
-0.036621
0.229490
0.323490
0.322270
0.175780
0.174560
0.158690
0.295410
0.375980
0.198970
-0.256350
-0.466310
-0.456540
-0.372310
-0.352780
-0.286870
-0.260010
-0.241700
-0.233150
-0.222170
-0.203860
-0.189210
-0.268550
-0.378420
-0.556640
-0.541990
-0.393070
-0.412600
-0.468750
-0.504150
-0.587160
-0.665280
-0.732420
-0.826420
-0.936280
-1.031500
-1.074200
-0.933840
-0.834960
-0.693360
-0.511470
-0.296630
-0.072021
0.106200
0.333250
0.590820
0.727540
0.699460
0.502930
0.534670
0.333250
0.338130
0.446780
0.397950
0.367430
0.219730
0.186770
0.396730
0.296630
0.061035
-0.289310
-0.394290
-0.257570
-0.406490
-0.474850
-0.354000
-0.103760
0.233150
0.366210
0.344240
0.302730
0.294190
0.374760
0.462650
0.428470
0.290530
0.139160
-0.046387
0.025635
0.253910
0.305180
0.220950
0.083008
0.010986
0.036621
0.111080
0.158690
0.257570
0.318600
0.264890
0.083008
0.042725
-0.095215
0.052490
0.007324
-0.067139
-0.202640
-0.201420
-0.162350
0.015869
0.201420
0.327150
0.455320
0.429690
0.340580
0.148930
0.156250
0.194090
0.117190
0.056152
0.058594
0.108640
0.393070
0.467530
0.350340
-0.170900
-0.343020
-0.290530
-0.175780
-0.145260
0.015869
0.258790
0.408940
0.170900
-0.253910
-0.402830
-0.323490
-0.272220
-0.075684
0.128170
0.167240
0.319820
0.529790
0.535890
0.379640
0.139160
-0.093994
-0.338130
-0.450440
-0.402830
-0.201420
-0.133060
-0.078125
0.095215
0.031738
-0.281980
-0.544430
-0.650630
-0.384520
-0.141600
0.046387
0.249020
0.321040
0.410160
0.449220
0.511470
0.234380
-0.107420
-0.336910
-0.277100
-0.235600
-0.386960
-0.443120
-0.262450
-0.043945
0.108640
0.040283
0.000000
-0.179440
-0.374760
-0.452880
-0.515140
-0.389400
-0.170900
-0.073242
-0.041504
-0.151370
-0.101320
-0.119630
-0.352780
-0.333250
-0.225830
-0.214840
-0.089111
0.036621
-0.014648
-0.072021
-0.068359
-0.096436
-0.268550
-0.284420
-0.360110
-0.511470
-0.625000
-0.505370
-0.274660
-0.024414
-0.095215
0.050049
0.184330
0.164790
0.136720
0.198970
0.196530
0.046387
-0.126950
-0.220950
-0.140380
-0.148930
-0.181880
-0.318600
-0.312500
-0.351560
-0.212400
0.078125
0.198970
0.396730
0.158690
-0.228270
-0.286870
-0.444340
-0.605470
-0.581050
-0.516360
-0.397950
-0.134280
0.118410
0.296630
0.028076
0.014648
-0.117190
-0.328370
-0.456540
-0.504150
-0.393070
-0.197750
-0.103760
-0.050049
0.135500
0.187990
0.268550
0.323490
0.200200
-0.180660
-0.228270
-0.087891
0.073242
0.089111
0.273440
0.468750
0.502930
0.277100
0.032959
-0.170900
-0.292970
-0.300290
-0.303960
-0.275880
0.004883
0.205080
0.239260
0.473630
0.395510
0.133060
-0.192870
-0.340580
-0.328370
-0.168460
0.056152
0.366210
0.551760
0.482180
0.327150
0.208740
0.133060
0.125730
0.167240
0.131840
0.024414
-0.008545
-0.186770
-0.191650
-0.249020
-0.192870
-0.239260
-0.164790
-0.140380
-0.074463
0.122070
0.263670
0.386960
0.335690
0.238040
0.081787
-0.104980
-0.070801
0.023193
0.107420
0.346680
0.285640
0.163570
0.288090
0.382080
0.289310
0.083008
-0.054932
-0.030518
-0.002441
0.003662
0.013428
0.295410
0.329590
0.411380
0.291750
0.024414
-0.006104
-0.075684
0.031738
0.181880
0.271000
0.391850
0.410160
0.191650
0.078125
-0.107420
-0.098877
-0.091553
0.028076
0.233150
0.198970
0.333250
0.510250
0.535890
0.520020
0.340580
0.180660
-0.079346
-0.050049
0.141600
-0.146480
-0.345460
-0.321040
-0.278320
-0.018311
0.255130
0.494380
0.506590
0.485840
0.572510
0.314940
0.212400
0.041504
0.030518
0.029297
0.097656
0.047607
-0.031738
-0.015869
-0.068359
-0.021973
-0.109860
-0.220950
-0.133060
0.001221
-0.020752
0.062256
0.108640
0.198970
0.158690
0.162350
0.041504
0.034180
-0.040283
0.091553
0.013428
-0.009766
0.085449
0.122070
0.009766
-0.086670
-0.043945
-0.010986
-0.062256
0.136720
-0.070801
-0.162350
-0.123290
-0.003662
-0.041504
-0.111080
-0.137940
-0.183110
-0.091553
0.032959
0.042725
0.130620
0.205080
0.107420
0.104980
0.219730
0.133060
0.106200
0.054932
0.113530
0.190430
0.220950
0.366210
0.400390
0.162350
-0.001221
-0.018311
0.029297
-0.053711
-0.202640
-0.075684
-0.078125
-0.120850
-0.043945
0.073242
0.081787
0.129390
0.104980
0.120850
0.335690
0.527340
0.499270
0.371090
0.297850
0.225830
0.163570
0.122070
0.104980
0.091553
0.151370
0.225830
0.063477
-0.058594
-0.068359
0.086670
0.194090
0.120850
0.109860
0.200200
0.167240
0.150150
0.286870
0.097656
-0.133060
-0.103760
-0.070801
-0.161130
-0.257570
-0.305180
-0.207520
-0.095215
-0.067139
0.029297
0.279540
0.314940
0.249020
0.050049
