-0.052490
-0.010986
-0.178220
-0.192870
-0.115970
-0.198970
-0.253910
0.032959
0.107420
-0.045166
-0.024414
-0.070801
-0.070801
0.164790
0.666500
0.886230
0.722660
0.437010
-0.023193
-0.048828
0.089111
0.062256
0.231930
0.368650
0.522460
0.844730
1.081500
0.991210
0.678710
0.667720
0.643310
0.509030
0.258790
0.123290
0.252690
0.352780
0.269780
0.087891
-0.113530
0.009766
0.026855
0.086670
0.179440
0.245360
0.104980
-0.065918
-0.130620
-0.085449
-0.003662
-0.187990
-0.345460
-0.350340
-0.357670
-0.316160
-0.421140
-0.495610
-0.432130
-0.451660
-0.419920
-0.305180
-0.269780
-0.375980
-0.358890
-0.321040
-0.501710
-0.770260
-0.866700
-0.970460
-1.082800
-1.136500
-1.149900
-1.137700
-1.051000
-0.986330
-1.054700
-1.041300
-0.905760
-0.711670
-0.643310
-0.545650
-0.419920
-0.257570
-0.072021
0.057373
0.086670
0.195310
0.364990
0.577390
0.710450
0.668950
0.574950
0.650630
0.849610
0.916750
0.550540
0.526120
0.623780
0.577390
0.559080
0.380860
0.129390
0.007324
-0.108640
-0.114750
0.014648
0.129390
0.283200
0.372310
0.368650
0.590820
0.522460
0.415040
0.355220
0.090332
-0.166020
-0.263670
-0.107420
-0.043945
-0.100100
-0.150150
-0.032959
0.109860
0.157470
-0.058594
-0.085449
-0.047607
0.039063
0.007324
-0.031738
-0.063477
-0.172120
-0.181880
-0.239260
-0.194090
-0.032959
0.054932
-0.010986
-0.014648
0.098877
0.039063
0.120850
0.249020
0.351560
0.305180
0.334470
0.345460
0.361330
0.364990
0.289310
0.321040
0.167240
0.083008
0.043945
0.092773
0.172120
0.360110
0.471190
0.563960
0.443120
0.364990
0.352780
0.244140
0.156250
-0.010986
-0.140380
-0.074463
-0.035400
0.092773
0.153810
0.261230
0.181880
-0.211180
-0.572510
-0.460210
-0.242920
-0.240480
-0.170900
-0.007324
-0.006104
-0.194090
-0.078125
0.018311
0.087891
0.043945
-0.363770
-0.527340
-0.288090
-0.230710
-0.271000
-0.205080
-0.133060
-0.015869
-0.067139
-0.010986
0.113530
0.130620
0.219730
0.115970
-0.311280
-0.531010
-0.589600
-0.488280
-0.477290
-0.289310
-0.194090
-0.260010
-0.471190
-0.512700
-0.544430
-0.549320
-0.574950
-0.527340
-0.305180
0.028076
0.174560
0.354000
0.510250
0.495610
0.501710
0.347900
0.196530
0.225830
0.189210
0.214840
0.224610
0.217290
0.240480
0.057373
-0.443120
-0.482180
-0.424800
-0.280760
-0.113530
-0.142820
-0.056152
0.120850
0.197750
0.218510
-0.008545
-0.145260
-0.031738
0.068359
0.137940
0.062256
0.057373
0.167240
0.200200
0.095215
0.102540
0.085449
0.043945
-0.097656
-0.083008
-0.089111
0.103760
0.191650
0.189210
-0.010986
-0.080566
-0.083008
-0.083008
-0.043945
0.012207
0.100100
0.062256
0.120850
0.228270
0.290530
0.368650
0.167240
0.207520
0.151370
-0.002441
-0.061035
-0.249020
-0.338130
-0.106200
-0.097656
0.074463
0.185550
0.063477
-0.196530
-0.260010
-0.330810
-0.234380
-0.020752
0.109860
0.244140
0.247800
0.260010
0.434570
0.395510
0.183110
-0.039063
-0.206300
-0.263670
-0.103760
0.123290
0.236820
0.347900
0.471190
0.551760
0.468750
0.269780
0.097656
-0.072021
-0.123290
-0.124510
-0.091553
-0.041504
-0.101320
-0.170900
-0.223390
-0.301510
-0.189210
-0.089111
-0.120850
-0.041504
0.108640
0.161130
0.239260
0.219730
0.173340
0.399170
0.311280
0.166020
0.065918
0.136720
0.183110
0.197750
-0.035400
-0.026855
-0.020752
0.047607
0.013428
-0.007324
0.006104
0.045166
0.106200
0.123290
0.181880
0.161130
0.039063
-0.089111
-0.130620
-0.130620
-0.024414
0.090332
0.059814
-0.057373
-0.050049
-0.074463
-0.159910
-0.124510
-0.156250
-0.167240
-0.106200
0.026855
0.113530
0.271000
0.374760
0.065918
-0.062256
0.020752
0.147710
0.262450
0.214840
0.227050
0.490720
0.700680
0.812990
0.856930
0.932620
0.653080
0.523680
0.344240
0.186770
0.106200
-0.008545
0.075684
0.115970
0.167240
0.278320
0.422360
0.417480
0.415040
0.373540
0.291750
0.290530
0.183110
0.085449
0.084229
0.109860
0.184330
0.279540
0.234380
0.125730
-0.040283
-0.211180
-0.325930
-0.458980
-0.581050
-0.661620
-0.637210
-0.644530
-0.651860
-0.646970
-0.574950
-0.407710
-0.302730
-0.227050
-0.262450
-0.244140
-0.267330
-0.261230
-0.249020
-0.192870
-0.013428
0.266110
0.288090
0.124510
-0.014648
0.050049
0.069580
-0.083008
-0.207520
-0.322270
-0.329590
-0.273440
-0.177000
0.012207
-0.020752
-0.067139
0.010986
0.113530
0.006104
-0.158690
-0.279540
-0.183110
-0.288090
-0.394290
-0.307620
-0.192870
-0.051270
-0.026855
-0.290530
-0.301510
-0.389400
-0.443120
-0.444340
-0.498050
-0.493160
-0.488280
-0.424800
-0.373540
-0.286870
-0.144040
-0.139160
-0.169680
-0.187990
-0.097656
-0.035400
0.142820
0.268550
0.233150
0.396730
0.413820
0.200200
0.067139
0.098877
0.240480
0.228270
0.251460
0.321040
0.236820
0.039063
-0.039063
-0.122070
-0.198970
-0.231930
-0.162350
0.052490
0.262450
0.450440
0.338130
0.344240
0.267330
0.223390
0.104980
0.032959
-0.003662
-0.041504
-0.041504
-0.031738
0.147710
0.360110
0.454100
0.295410
0.041504
-0.072021
