0.281980
0.206300
-0.092773
-0.148930
-0.107420
0.100100
0.122070
0.108640
-0.046387
0.008545
-0.013428
0.042725
0.053711
0.015869
0.072021
0.286870
0.622560
0.690920
0.407710
0.207520
0.183110
0.100100
0.092773
0.223390
0.430910
0.430910
0.515140
0.467530
0.595700
0.623780
0.418700
0.231930
0.231930
0.187990
0.129390
-0.072021
-0.063477
-0.004883
-0.007324
0.100100
0.231930
0.126950
0.083008
0.317380
0.371090
0.235600
0.025635
-0.070801
-0.017090
0.032959
0.020752
-0.009766
-0.076904
-0.007324
0.008545
-0.118410
-0.173340
-0.280760
-0.233150
-0.224610
-0.190430
-0.247800
-0.200200
-0.202640
-0.261230
-0.352780
-0.435790
-0.454100
-0.526120
-0.584720
-0.538330
-0.554200
-0.673830
-0.754390
-0.693360
-0.533450
-0.362550
-0.156250
-0.010986
0.032959
0.084229
0.001221
-0.187990
-0.091553
0.047607
0.006104
-0.074463
0.118410
0.334470
0.253910
0.417480
0.545650
0.493160
0.233150
0.020752
-0.253910
-0.233150
0.030518
0.015869
-0.494380
-0.759280
-0.657960
-0.469970
-0.373540
-0.100100
-0.021973
0.000000
0.347900
0.504150
0.748290
0.413820
0.225830
-0.031738
0.104980
0.078125
-0.201420
-0.070801
0.117190
0.213620
0.212400
0.401610
0.435790
0.170900
-0.028076
-0.140380
-0.212400
-0.026855
-0.069580
-0.087891
0.040283
0.017090
-0.002441
-0.208740
-0.429690
-0.573730
-0.616460
-0.556640
-0.560300
-0.561520
-0.375980
-0.318600
-0.167240
0.064697
0.161130
0.041504
-0.214840
-0.375980
-0.373540
-0.347900
-0.313720
-0.301510
-0.273440
-0.244140
-0.130620
0.039063
0.253910
0.404050
0.445560
0.389400
0.448000
0.438230
0.180660
-0.013428
-0.081787
0.008545
0.067139
0.079346
0.002441
-0.030518
-0.119630
-0.173340
-0.170900
-0.236820
-0.325930
-0.146480
0.063477
0.155030
0.323490
0.263670
0.202640
0.036621
0.053711
0.206300
0.069580
0.009766
-0.267330
-0.285640
-0.118410
0.039063
0.310060
0.369870
0.487060
0.480960
0.253910
0.231930
0.152590
0.039063
-0.056152
-0.010986
-0.109860
-0.144040
0.111080
0.306400
0.219730
0.174560
-0.025635
-0.109860
-0.252690
-0.345460
-0.296630
-0.290530
-0.184330
-0.202640
-0.177000
-0.296630
-0.354000
-0.333250
-0.061035
0.246580
0.369870
0.339360
0.164790
-0.014648
-0.039063
-0.057373
-0.172120
-0.346680
-0.352780
-0.205080
-0.032959
0.018311
0.137940
0.064697
-0.058594
-0.020752
0.108640
0.140380
0.087891
0.034180
0.051270
0.037842
-0.117190
-0.145260
-0.112300
-0.040283
-0.006104
-0.117190
-0.239260
-0.446780
-0.395510
-0.216060
-0.058594
0.036621
0.053711
0.175780
0.295410
0.495610
0.638430
0.594480
0.593260
0.300290
0.125730
-0.047607
0.013428
0.098877
0.272220
0.316160
0.277100
0.209960
0.003662
0.067139
0.173340
0.194090
0.164790
0.051270
-0.249020
-0.371090
-0.239260
-0.028076
-0.122070
-0.107420
-0.002441
0.086670
0.144040
0.141600
-0.028076
-0.058594
-0.029297
-0.086670
-0.263670
-0.347900
-0.240480
-0.102540
-0.125730
-0.030518
0.036621
-0.067139
-0.217290
-0.240480
-0.327150
-0.314940
-0.374760
-0.336910
-0.308840
-0.345460
-0.439450
-0.454100
-0.373540
-0.373540
-0.235600
0.064697
0.245360
0.329590
0.361330
0.358890
0.422360
0.438230
0.531010
0.327150
0.092773
-0.070801
-0.220950
-0.374760
-0.386960
-0.391850
-0.445560
-0.391850
-0.390630
-0.424800
-0.350340
-0.227050
-0.112300
-0.229490
-0.349120
-0.247800
0.025635
0.437010
0.804440
0.739750
0.306400
0.239260
0.336910
0.286870
0.285640
0.222170
0.290530
0.330810
0.446780
0.544430
0.339360
0.185550
0.097656
-0.046387
-0.064697
-0.018311
-0.051270
0.006104
0.064697
0.117190
0.201420
0.300290
0.294190
0.328370
0.269780
0.233150
0.157470
0.053711
-0.163570
-0.225830
-0.262450
-0.207520
-0.117190
-0.051270
0.122070
0.426030
0.609130
0.694580
0.603030
0.329590
0.277100
0.134280
0.209960
0.177000
-0.012207
-0.173340
-0.266110
-0.261230
-0.164790
-0.196530
-0.241700
-0.288090
-0.294190
-0.307620
-0.515140
-0.649410
-0.628660
-0.535890
-0.562740
-0.524900
-0.354000
-0.172120
-0.036621
0.109860
0.228270
0.184330
0.073242
0.008545
-0.035400
-0.150150
-0.227050
-0.310060
-0.350340
-0.305180
-0.240480
-0.095215
-0.036621
-0.003662
-0.025635
-0.090332
-0.115970
-0.111080
-0.174560
-0.147710
-0.053711
0.069580
0.194090
0.179440
0.306400
0.375980
0.418700
0.523680
0.462650
0.341800
0.245360
0.202640
0.148930
0.157470
0.211180
0.122070
0.148930
0.273440
0.452880
0.627440
0.611570
0.640870
0.736080
0.614010
0.478520
0.523680
0.386960
0.227050
0.183110
0.032959
0.085449
0.134280
0.074463
0.255130
0.245360
0.305180
0.500490
0.565190
0.465090
0.329590
0.317380
0.290530
0.131840
0.024414
0.092773
0.172120
0.228270
0.286870
0.245360
0.286870
0.202640
0.185550
0.274660
0.468750
0.429690
0.310060
0.068359
0.076904
0.179440
0.135500
0.119630
0.068359
-0.067139
-0.163570
-0.305180
-0.264890
-0.134280
-0.214840
-0.119630
-0.141600
-0.233150
-0.233150
-0.358890
-0.312500
-0.240480
-0.219730
-0.170900
