0.087891
0.158690
0.281980
0.338130
0.389400
0.307620
0.235600
0.351560
0.048828
-0.294190
-0.444340
-0.446780
-0.274660
-0.073242
0.118410
0.134280
0.007324
0.180660
0.419920
0.509030
0.207520
-0.104980
-0.053711
-0.081787
0.150150
0.124510
0.076904
0.020752
0.174560
0.205080
0.111080
0.212400
0.115970
-0.142820
-0.095215
-0.020752
0.039063
-0.076904
-0.288090
-0.053711
0.291750
0.394290
0.292970
0.220950
0.191650
0.356450
0.314940
0.002441
-0.252690
-0.262450
-0.212400
-0.196530
-0.290530
-0.187990
-0.233150
-0.196530
-0.198970
-0.302730
-0.328370
-0.272220
-0.427250
-0.457760
-0.272220
-0.279540
-0.432130
-0.273440
-0.159910
-0.090332
0.010986
-0.103760
-0.206300
-0.032959
0.093994
0.091553
-0.109860
-0.169680
-0.164790
-0.235600
-0.305180
-0.379640
-0.236820
-0.202640
-0.417480
-0.483400
-0.419920
-0.261230
-0.233150
-0.479740
-0.721440
-0.620120
-0.235600
-0.057373
-0.021973
0.041504
0.119630
0.180660
0.046387
-0.106200
-0.186770
-0.163570
-0.209960
-0.142820
-0.025635
0.074463
-0.001221
0.063477
0.386960
0.223390
0.050049
0.034180
0.296630
0.371090
0.228270
0.454100
0.457760
0.361330
0.277100
0.125730
0.054932
-0.159910
-0.152590
-0.035400
0.050049
0.183110
0.205080
0.177000
0.195310
0.205080
0.202640
0.172120
0.185550
0.213620
0.070801
-0.070801
0.023193
0.036621
-0.178220
-0.305180
-0.308840
-0.225830
-0.076904
0.043945
0.206300
0.419920
0.448000
0.310060
0.068359
-0.036621
-0.118410
-0.089111
-0.207520
-0.089111
0.174560
0.130620
-0.075684
-0.260010
-0.285640
-0.289310
-0.478520
-0.610350
-0.585940
-0.423580
-0.192870
-0.115970
0.042725
0.111080
0.247800
0.275880
0.131840
-0.159910
-0.187990
0.035400
0.194090
0.150150
0.103760
-0.115970
-0.056152
0.158690
0.224610
0.346680
0.469970
0.534670
0.405270
0.324710
0.322270
0.015869
-0.098877
-0.222170
-0.289310
-0.356450
-0.295410
-0.197750
-0.201420
0.010986
0.299070
0.488280
0.605470
0.759280
0.556640
0.275880
0.053711
-0.079346
-0.230710
0.018311
0.040283
-0.266110
-0.368650
-0.192870
-0.017090
0.012207
-0.035400
-0.009766
-0.042725
-0.169680
-0.286870
-0.323490
-0.286870
-0.190430
-0.069580
0.141600
0.164790
0.120850
0.150150
0.039063
0.045166
0.069580
-0.048828
-0.256350
-0.338130
-0.384520
-0.255130
-0.357670
-0.292970
-0.087891
0.020752
0.120850
0.006104
0.008545
-0.073242
-0.112300
0.093994
0.111080
0.006104
-0.108640
-0.073242
0.046387
0.042725
-0.034180
-0.039063
-0.054932
-0.133060
-0.002441
0.095215
0.107420
-0.095215
-0.125730
-0.081787
-0.037842
0.047607
0.219730
0.078125
-0.344240
-0.498050
-0.407710
-0.284420
-0.219730
-0.172120
-0.058594
0.083008
0.314940
0.505370
0.529790
0.356450
0.224610
0.017090
0.024414
0.148930
0.186770
0.267330
0.377200
0.496830
0.512700
0.557860
0.494380
-0.025635
-0.208740
-0.234380
-0.166020
-0.061035
-0.048828
-0.045166
0.018311
-0.028076
-0.053711
-0.034180
0.114750
-0.002441
-0.117190
0.108640
0.091553
0.112300
0.139160
0.224610
0.346680
0.299070
0.162350
0.244140
0.135500
-0.166020
-0.279540
-0.228270
-0.074463
0.026855
-0.091553
-0.159910
-0.424800
-0.461430
-0.349120
-0.256350
-0.190430
-0.190430
0.046387
0.190430
0.347900
0.363770
0.269780
-0.024414
-0.203860
-0.306400
-0.493160
-0.449220
-0.275880
-0.275880
-0.198970
-0.067139
-0.009766
0.030518
0.089111
0.108640
-0.172120
-0.281980
-0.253910
-0.181880
-0.058594
-0.029297
0.089111
0.100100
0.096436
-0.010986
0.057373
0.174560
0.170900
0.061035
-0.070801
-0.081787
-0.052490
0.000000
0.041504
0.041504
0.004883
0.096436
0.244140
0.412600
0.347900
0.252690
0.183110
0.177000
0.104980
0.025635
-0.004883
-0.083008
-0.236820
-0.393070
-0.174560
0.101320
0.321040
0.448000
0.386960
0.251460
0.157470
0.130620
0.139160
-0.069580
-0.219730
-0.361330
-0.344240
-0.238040
-0.122070
0.153810
0.229490
0.222170
-0.004883
-0.157470
-0.086670
0.042725
-0.048828
0.087891
0.095215
0.058594
0.024414
0.043945
0.031738
-0.008545
0.029297
-0.015869
-0.057373
-0.059814
-0.019531
0.168460
0.151370
0.238040
0.296630
0.247800
0.411380
0.410160
0.274660
0.180660
0.057373
-0.006104
-0.294190
-0.412600
-0.324710
-0.084229
0.025635
0.131840
0.061035
-0.136720
-0.242920
-0.140380
-0.065918
0.065918
0.104980
-0.119630
-0.112300
-0.158690
-0.192870
-0.064697
-0.003662
-0.019531
-0.018311
0.037842
0.104980
0.227050
0.332030
0.234380
0.152590
0.145260
-0.018311
-0.151370
-0.151370
-0.148930
-0.179440
-0.202640
-0.279540
-0.244140
-0.137940
-0.012207
0.128170
0.279540
0.173340
0.065918
0.019531
0.085449
0.036621
-0.076904
-0.090332
-0.061035
-0.036621
0.114750
0.194090
0.260010
0.249020
0.113530
-0.085449
-0.181880
-0.253910
-0.211180
-0.285640
-0.285640
-0.405270
-0.316160
-0.294190
-0.246580
-0.207520
-0.180660
-0.052490
0.025635
0.064697
0.043945
0.004883
0.189210
0.316160
0.390630
0.430910
0.418700
0.589600
0.479740
0.424800
0.340580
0.305180
